0.293736
0.289778
0.927430
0.902489
0.297720
0.283672
0.941152
0.927414
0.295871
0.272972
0.927842
0.919922
0.287537
0.290889
0.912909
0.919045
0.297069
0.285838
0.907787
0.901251
0.288100
0.281487
0.948599
0.910317
0.298137
0.286147
0.919805
0.930528
0.300580
0.282080
0.927182
0.913252
0.289049
0.291021
0.947013
0.927873
0.293371
0.273403
0.953050
0.921153
0.299047
0.278658
0.934003
0.927013
0.298776
0.279179
0.953743
0.917058
0.297884
0.288535
0.945904
0.909603
0.292955
0.287638
0.940828
0.904653
0.284753
0.288799
0.932927
0.920003
0.280567
0.283257
0.936623
0.923605
0.286267
0.278339
0.920581
0.907860
0.294573
0.279620
0.940652
0.915603
0.295458
0.283922
0.932761
0.924927
0.297142
0.275377
0.933896
0.924236
0.290124
0.281169
0.929169
0.911665
0.304494
0.293756
0.930436
0.907513
0.296501
0.273041
0.940685
0.925123
0.291197
0.283187
0.953774
0.922816
0.300909
0.285133
0.931955
0.927060
0.299028
0.284582
0.939359
0.905429
0.292633
0.280152
0.933569
0.906762
0.291496
0.282794
0.937598
0.905534
0.283233
0.291912
0.923644
0.926731
0.292572
0.279527
0.926784
0.918679
0.282546
0.277963
0.934740
0.924800
0.290141
0.279488
0.932580
0.926114
0.294461
0.288317
0.935542
0.924432
0.293043
0.287847
0.945799
0.920146
0.299533
0.291724
0.959583
0.935020
0.294662
0.285042
0.972518
0.939804
0.285233
0.281405
0.945782
0.912957
0.286957
0.285743
0.922366
0.896487
0.280884
0.262134
0.906001
0.904749
0.282466
0.282282
0.957613
0.924268
0.301637
0.273861
0.962803
0.950131
0.308610
0.285331
0.974212
0.949438
0.296106
0.282610
0.972191
0.937683
0.296329
0.290670
0.975098
0.944405
0.298956
0.289010
0.979097
0.943377
0.304909
0.286507
0.948232
0.935099
0.304752
0.269682
0.940827
0.915309
0.307654
0.281765
0.929636
0.926348
0.295216
0.268208
0.904429
0.926294
0.294769
0.276465
0.898410
0.888378
0.293103
0.271390
0.887615
0.877253
0.283288
0.275990
0.889659
0.913882
0.298359
0.281189
0.886183
0.881353
0.293383
0.283819
0.889420
0.882216
0.282845
0.269282
0.903419
0.877100
0.293561
0.283599
0.915925
0.902381
0.296450
0.281309
0.922992
0.935750
0.293400
0.284852
0.921476
0.926116
0.297800
0.286055
0.926868
0.924287
0.283913
0.459977
1.305129
1.517497
7.607095
1.672538
1.256261
0.554313
1.102624
3.956228
0.520283
0.711871
8.229627
3.970787
4.011485
2.803930
3.664399
6.499652
4.197959
4.455660
5.762102
2.901086
4.393071
4.768513
1.678599
3.332014
1.430915
0.210892
0.231001
0.082663
0.269756
2.880891
0.034207
0.056352
0.161835
0.975123
0.048820
0.461166
0.704899
0.147954
0.159034
0.019792
0.762311
0.264238
0.085127
0.141103
0.566219
0.098414
0.138954
0.059813
0.471160
0.422400
0.233197
0.242344
0.818802
1.331329
0.423593
0.256947
1.416119
2.132354
0.606654
0.666413
1.710479
1.886921
0.538350
1.647483
1.392484
2.014141
0.447790
0.657290
1.104220
1.181884
0.332106
0.320078
0.845535
0.515877
0.280732
0.196388
0.818938
0.635504
0.225972
0.157826
0.727736
0.635438
0.197848
0.164420
0.778779
0.662506
0.218510
0.225126
0.825383
0.785229
0.246893
0.235297
0.906121
0.977803
0.276515
0.281425
0.968456
1.115222
0.276340
0.407403
1.006179
1.208701
0.315353
0.336424
1.056550
0.966692
0.318045
0.304155
0.967757
0.757776
0.301297
0.252618
0.822838
0.751040
0.283125
0.250974
0.814063
0.819001
0.297223
0.192698
0.919708
0.934911
0.329696
0.477298
1.026797
1.062495
0.333928
0.295207
1.027539
1.056266
0.319985
0.344326
0.949455
0.990860
0.305493
0.321601
0.894337
0.910053
0.251129
0.252343
0.892857
0.823862
0.221664
0.213647
0.824290
0.744027
0.247805
0.211528
0.832841
0.779545
0.257071
0.223925
0.871178
0.852025
0.287207
0.254664
0.964873
0.969880
0.312921
0.306704
0.985757
1.020932
0.320279
0.338951
1.013165
1.024469
0.318472
0.315901
0.986822
0.962788
0.301452
0.289922
0.948130
0.927549
0.281936
0.265329
0.912203
0.881583
0.276992
0.246384
0.902909
0.860889
0.283886
0.259935
0.897096
0.864263
0.290167
0.280443
0.932369
0.902799
0.291416
0.290681
0.963048
0.967267
0.308815
0.297183
1.010122
0.992072
0.315773
0.306662
0.971343
0.959890
0.315476
0.290752
0.953652
0.919411
0.302008
0.289101
0.934483
0.880163
0.287014
0.259722
0.917123
0.864740
0.292538
0.257130
0.907231
0.900063
0.293628
0.268694
0.935426
0.919572
0.288181
0.281445
0.940313
0.925844
0.306821
0.285243
0.959608
0.938053
0.294932
0.289048
0.967588
0.957448
0.311416
0.294265
0.941473
0.938660
0.297871
0.282280
0.913754
0.904763
0.289311
0.266949
0.931956
0.890817
0.287195
0.270984
0.905596
0.887128
0.292013
0.268434
0.904276
0.907714
0.299411
0.282683
0.917163
0.911331
0.295010
0.285198
0.933568
1.484027
8.027967
3.113685
3.759960
0.335467
10.458443
1.730338
4.874346
3.847221
8.443415
0.792073
1.010176
0.140651
11.999512
5.973809
4.373564
5.344610
7.950524
4.063104
4.634734
4.739482
5.165136
4.062020
4.094893
4.397473
0.715177
2.845850
2.173230
1.413185
0.099102
0.503862
0.821055
4.727754
0.491151
0.882584
0.085994
1.716517
0.021948
0.815785
0.840089
0.046214
0.130459
0.046108
0.706910
0.535918
0.197022
0.054324
0.584805
0.265912
0.508578
0.084103
1.029625
0.867612
0.701405
1.724358
1.706102
2.909700
0.817442
1.190087
1.718913
3.987509
0.615583
0.574283
1.532304
1.671538
0.542194
0.138581
1.125628
1.481366
0.314270
0.654234
0.823249
0.425532
0.324149
0.322975
0.964474
0.228591
0.158695
0.139705
0.660052
0.784815
0.204814
0.290106
0.922957
0.702668
0.187014
0.306582
0.999334
0.759021
0.211375
0.214910
0.933113
1.276692
0.251913
0.306977
1.031013
1.034549
0.251369
0.354667
0.912175
0.893736
0.246259
0.266446
0.811015
0.792462
0.258526
0.307221
0.845944
0.849278
0.276547
0.225620
0.900550
0.751174
0.183066
0.226388
0.792779
0.760601
0.255371
0.206357
0.820484
0.898419
0.235272
0.224287
0.871777
0.901828
0.285847
0.276100
0.982715
1.041042
0.319709
0.335110
1.024300
1.020160
0.338903
0.332257
1.008845
1.004782
0.316500
0.332012
0.962054
0.872447
0.288395
0.292299
0.893473
0.833616
0.288257
0.245065
0.852344
0.848525
0.275376
0.236114
0.874443
0.882435
0.270918
0.248038
0.907963
0.924234
0.286112
0.273006
0.934365
0.950362
0.307614
0.310441
0.944372
0.963633
0.316896
0.314602
0.961848
0.980669
0.307317
0.293774
0.969295
0.945978
0.290789
0.277875
0.928193
0.885971
0.282714
0.284447
0.901469
0.894288
0.289889
0.268673
0.911866
0.872019
0.288425
0.268438
0.950234
0.914116
0.299038
0.277075
0.955111
0.916944
0.303922
0.286989
0.952075
0.952627
0.305796
0.293554
0.952296
0.976804
0.302629
0.287967
0.941111
0.933095
0.288741
0.267148
0.934357
0.908828
0.288775
0.281242
0.943672
0.892861
0.298412
0.273498
0.947847
0.910718
0.293980
0.279179
0.932566
0.911565
0.294716
0.276107
0.954688
0.923356
0.299029
0.281275
0.959952
0.945317
0.298914
0.290604
0.965035
0.934335
0.297451
0.280944
0.939698
0.930419
0.301930
0.296474
1.413101
1.402164
9.045925
0.476744
2.604863
1.140969
6.529349
0.291480
2.632534
1.680148
11.999512
0.114209
3.982275
0.978878
11.999512
4.798056
4.188914
4.969188
5.488343
4.278625
4.380383
4.852295
5.328763
0.730965
2.225757
2.392243
3.439765
0.905286
0.408331
3.354590
0.032102
0.736864
0.441591
3.217549
1.970841
1.069018
0.341382
1.261534
0.753853
0.239850
1.052478
0.026575
0.400326
0.021042
0.728596
0.341322
0.483702
0.046256
0.793760
1.039127
0.549208
0.483232
1.761345
1.339390
0.704893
0.718100
1.708893
2.833197
0.680055
0.730354
1.496311
1.805487
0.478807
0.398861
1.300042
2.637724
0.761818
0.221216
1.088382
0.248025
0.862018
1.350602
0.631583
1.326880
0.481284
0.098660
0.743483
0.430015
0.194969
0.132335
0.802385
0.610457
0.195148
0.180735
0.891720
0.863183
0.199480
0.160913
0.961755
1.042168
0.165332
0.257835
2.767976
0.784151
0.212274
0.322358
0.499167
0.925827
0.240107
0.325336
0.999135
1.035361
0.200660
0.323010
0.884951
1.154863
0.210090
0.278369
0.938127
0.814993
0.208095
0.217330
0.810539
0.603580
0.253481
0.186551
0.807973
0.736511
0.256441
0.210177
0.845107
0.815329
0.252123
0.249126
0.923112
0.963658
0.299686
0.300497
1.008830
1.031368
0.330928
0.354905
1.025988
1.128369
0.327452
0.351104
1.027584
0.994704
0.321511
0.311517
0.929128
0.867387
0.294641
0.247891
0.865455
0.811152
0.278577
0.230991
0.839328
0.796682
0.257531
0.239767
0.870006
0.872682
0.261083
0.267813
0.913329
0.922692
0.297615
0.292041
0.929500
0.983387
0.308063
0.312456
0.966629
0.987142
0.322149
0.311043
0.980146
0.976373
0.307270
0.298064
0.940455
0.945884
0.300823
0.264872
0.933297
0.891364
0.286127
0.261193
0.906025
0.863898
0.282962
0.251487
0.910249
0.890607
0.285620
0.269967
0.944085
0.906433
0.299171
0.289932
0.955309
0.945145
0.299744
0.284418
0.959702
0.937838
0.292444
0.303766
0.956240
0.923298
0.295878
0.290848
0.956050
0.918614
0.294985
0.280563
0.940782
0.903876
0.297874
0.270567
0.919699
0.903893
0.288565
0.260913
0.933903
0.898148
0.282553
0.267755
0.913211
0.908179
0.302361
0.281255
0.929930
0.951036
0.290486
0.293903
0.946957
0.926312
0.293685
0.293654
0.931438
0.918759
0.297530
0.290993
1.058684
1.607183
9.373863
2.259828
4.105363
1.185508
8.556047
0.315679
4.144677
3.241534
11.167391
0.233319
4.289817
0.355579
11.999512
6.261830
4.250024
6.152781
6.485785
4.065310
4.008412
4.732624
5.049793
4.219090
4.478096
4.482028
1.587586
1.813686
1.112893
1.900339
0.668860
0.731078
0.623968
6.234008
8.094847
1.641486
0.309795
3.133429
0.223696
0.815380
0.715722
0.055733
0.458815
0.084917
0.650732
0.409948
0.266278
0.087616
0.649275
0.215079
0.626157
0.255528
1.203104
0.872950
0.627447
0.616976
1.685721
2.682930
0.625099
0.899706
1.559259
3.240489
0.607290
0.578288
1.529595
1.352655
0.048445
0.280982
0.998187
1.706360
0.231317
0.436245
0.744876
0.575310
0.329168
0.179581
0.703812
0.604768
0.168220
0.167157
0.757413
0.339035
0.138715
0.126775
1.030974
0.437637
0.150110
0.186327
0.933229
1.118161
0.152272
0.185549
0.935143
0.981670
0.190521
0.317919
0.997456
1.018757
0.237596
0.422715
0.875202
0.934358
0.283905
0.282508
0.894952
1.111863
0.231200
0.274395
0.888456
0.941595
0.254465
0.274391
0.909595
0.848275
0.264917
0.218954
0.887398
0.722813
0.164327
0.159290
0.739305
0.663839
0.208103
0.210707
0.743917
0.957981
0.224407
0.257046
0.906121
1.038407
0.318253
0.303162
1.132162
1.025027
0.357353
0.332565
1.050790
1.050585
0.329329
0.333788
0.918160
0.902023
0.292296
0.297365
0.889417
0.815777
0.288099
0.249443
0.889771
0.864493
0.282275
0.240453
0.912152
0.911710
0.265865
0.247312
0.912782
0.916050
0.277608
0.280316
0.936324
0.907691
0.306513
0.296919
0.951082
0.933258
0.319448
0.287810
0.926835
0.965400
0.304837
0.301524
0.948348
0.935905
0.303185
0.281216
0.962011
0.923405
0.286747
0.265992
0.945903
0.902037
0.296687
0.268986
0.929328
0.893616
0.280022
0.264737
0.941963
0.923633
0.293269
0.274293
0.935590
0.911281
0.297067
0.279518
0.963801
0.938367
0.305434
0.291819
0.973656
0.964771
0.311335
0.280029
0.939435
0.943102
0.297371
0.275700
0.939616
0.918172
0.289797
0.279238
0.935182
0.909804
0.291651
0.278525
0.936317
0.930409
0.301518
0.278138
0.938430
0.936253
0.306086
0.279526
0.967612
0.923022
0.301882
0.284818
0.975097
0.910910
0.297448
0.285267
0.953620
0.937286
0.301751
0.284924
0.949909
0.954884
0.298963
0.287479
0.948145
0.930299
0.288702
0.277622
0.911930
0.902209
0.289744
0.269808
0.902379
0.895026
1.042250
0.066856
0.743929
2.715507
11.999756
0.616528
4.154502
3.264122
5.791617
4.145639
0.637170
1.556409
11.999512
5.140910
4.695225
4.887197
9.415180
5.050064
4.052612
5.235088
5.555881
4.108067
4.416782
4.956184
3.357770
0.066272
5.039503
0.384772
3.367974
0.091781
1.096247
3.238942
3.865129
1.677427
0.400983
4.460336
0.919299
0.418114
0.960756
0.982775
0.932855
0.041222
0.934817
0.027667
0.443998
0.090856
0.288485
0.337618
0.322497
0.071737
0.779040
0.789979
0.680603
0.555944
1.802961
1.184221
0.650751
0.917270
1.931208
2.919014
0.619247
0.848621
1.597451
2.829675
0.582114
0.320654
1.555908
1.384969
1.446739
0.068241
0.844411
1.576814
0.290807
0.401586
0.699913
0.510338
0.451339
0.120431
0.925944
0.694461
0.168040
0.119865
0.947083
0.300483
0.152075
0.148537
1.079402
0.617236
0.142690
0.232204
0.931840
1.450031
0.157669
0.263164
0.862892
0.977661
0.187085
0.253564
0.962014
1.017178
0.225636
0.362325
0.890683
0.900278
0.250740
0.330890
0.804012
0.937599
0.249734
0.247053
0.863257
0.799408
0.233363
0.234840
0.848808
0.736328
0.198673
0.192122
0.770645
0.763790
0.211092
0.193981
0.778427
0.828451
0.228495
0.245152
0.867290
1.001473
0.298276
0.302040
1.007715
1.081802
0.339268
0.326734
1.082015
1.007204
0.333436
0.350107
0.987895
0.926872
0.314037
0.306900
0.867081
0.881778
0.285793
0.259388
0.869712
0.843148
0.282772
0.240632
0.928594
0.853038
0.275002
0.240328
0.907323
0.898521
0.271338
0.264953
0.906545
0.917886
0.296980
0.290525
0.921607
0.952106
0.316594
0.311035
0.953138
0.954583
0.311117
0.301985
0.983167
0.973728
0.300787
0.287380
0.955244
0.959698
0.287130
0.263816
0.934142
0.902733
0.288930
0.269390
0.920199
0.893057
0.285662
0.259159
0.921526
0.908336
0.285912
0.274121
0.956979
0.951333
0.296640
0.287143
0.967976
0.955403
0.301817
0.290268
0.965115
0.921870
0.298880
0.283204
0.950446
0.945910
0.296739
0.291559
0.947963
0.968953
0.302125
0.276989
0.953011
0.919743
0.294068
0.272837
0.932258
0.909019
0.293905
0.276964
0.919314
0.902281
0.295886
0.269815
0.930305
0.922521
0.297950
0.282577
0.946650
0.945397
0.292908
0.292099
0.931162
0.926436
0.301152
0.285649
0.946552
0.937691
0.291279
0.285672
0.934972
0.949457
0.290947
0.284132
0.931035
0.920909
0.292496
0.267671
0.914274
0.913093
0.404393
0.417230
1.989784
1.322368
9.051426
0.993352
3.102874
1.057552
9.761726
1.957723
4.025609
3.227539
11.999512
1.752368
4.481202
0.264906
11.566837
5.727958
4.166536
6.408072
5.748328
4.061218
4.015554
5.187522
1.553834
4.234320
3.320072
3.462059
1.263161
1.284236
2.110310
3.533473
0.291330
0.389524
0.734022
5.770489
6.648131
0.090616
0.544055
2.669345
0.841616
0.255046
0.795650
0.115470
0.077137
0.087131
0.368421
0.275865
0.280463
0.062840
0.694136
0.228992
0.640601
0.390712
1.418359
0.893035
0.534932
0.628834
1.522284
2.200485
0.717959
0.788556
1.604076
3.485281
0.630596
0.221064
1.392778
1.724675
1.187015
0.413836
1.218435
0.825931
0.508602
0.368379
0.925248
0.524674
0.460264
0.282233
0.649956
0.834135
0.205733
0.229609
0.655653
0.737745
0.115744
0.121712
0.785395
0.652848
0.093901
0.155415
0.846678
0.780126
0.132459
0.191318
0.831269
1.037419
0.142641
0.259577
0.823897
0.919772
0.210104
0.303407
0.884232
0.829476
0.193501
0.353337
0.869710
1.159737
0.219836
0.264080
0.842973
0.862818
0.256042
0.247644
0.884134
0.686083
0.290125
0.202982
0.816154
0.796069
0.287043
0.242814
0.838045
0.920666
0.261900
0.273354
0.918682
0.996478
0.300257
0.284927
1.007622
1.029645
0.318259
0.323095
1.022549
1.056136
0.312079
0.345409
0.949748
0.968489
0.301435
0.298438
0.905519
0.873701
0.288535
0.254662
0.890844
0.834947
0.280326
0.248345
0.892848
0.831990
0.272441
0.245806
0.862965
0.885903
0.275921
0.266781
0.875493
0.931401
0.291804
0.282296
0.927538
0.939339
0.295599
0.302045
0.983135
0.996570
0.314997
0.311577
0.963196
0.992972
0.309241
0.288871
0.932894
0.932298
0.290823
0.284544
0.927231
0.894014
0.294120
0.271420
0.904958
0.882866
0.279755
0.260298
0.919329
0.876927
0.279390
0.269544
0.941762
0.943322
0.291115
0.277894
0.961283
0.938638
0.299267
0.285704
0.971127
0.958069
0.305735
0.291660
0.963776
0.931770
0.293994
0.285427
0.952819
0.927591
0.304897
0.288585
0.933976
0.894247
0.297730
0.274426
0.924739
0.921287
0.281539
0.268965
0.929308
0.909490
0.287481
0.273592
0.943011
0.930675
0.291276
0.288592
0.963736
0.969751
0.302334
0.285319
0.973148
0.948185
0.308245
0.293622
0.971306
0.931750
0.295645
0.293598
0.957932
0.949830
0.297864
0.283610
0.915175
0.920846
0.291119
0.275867
0.921167
0.911241
0.289944
0.274310
0.913609
1.029095
4.321757
0.535157
1.996574
1.313875
11.999756
0.652944
4.238848
1.780808
6.426963
1.624190
0.283467
1.491272
11.999512
5.707413
4.358718
5.229063
8.614874
3.302063
4.038153
5.822587
5.565006
4.031485
3.331501
5.122732
1.090828
1.153926
0.535948
2.275659
2.447901
0.099314
0.713531
6.108891
5.806170
2.157590
0.321263
1.775766
0.828371
0.474929
0.927655
0.717004
0.880250
0.195650
0.906884
0.031031
0.234787
0.024672
0.381341
0.205859
0.231737
0.059127
0.699494
0.724706
0.379734
0.453385
1.333009
1.231732
0.562818
0.688666
1.436052
2.138503
0.600807
0.741334
1.553910
1.375210
0.555561
0.479508
1.119671
3.076015
0.557782
0.029344
0.945609
0.698359
0.302685
0.558490
0.682154
1.128460
0.337821
0.158914
0.803788
0.557053
0.086698
0.079128
0.830380
0.462515
0.090343
0.129113
0.770513
0.720203
0.124659
0.148939
0.755674
0.771220
0.147548
0.191628
0.787043
0.759271
0.198300
0.259277
0.804045
1.200729
0.276996
0.388686
0.968549
1.134396
0.326158
0.349093
1.117836
1.005352
0.365643
0.308182
1.040742
0.841594
0.314757
0.265628
0.840218
0.799410
0.250840
0.244497
0.783236
0.763371
0.250062
0.241958
0.895683
0.957553
0.280933
0.245743
1.005621
0.994047
0.305463
0.305688
1.000195
1.013664
0.317038
0.318763
0.935827
0.947572
0.293727
0.309704
0.911957
0.918772
0.295134
0.274610
0.899472
0.880192
0.296394
0.257131
0.915780
0.854875
0.271887
0.252440
0.887786
0.879122
0.265917
0.259054
0.887591
0.920789
0.275318
0.270624
0.914112
0.933781
0.299127
0.291988
0.947607
0.959831
0.306618
0.301227
0.965218
0.968959
0.309175
0.304777
0.969354
0.964984
0.301702
0.280206
0.950720
0.948936
0.290241
0.266375
0.919089
0.896387
0.288375
0.265411
0.939046
0.898378
0.291762
0.272711
0.929612
0.915074
0.296476
0.278818
0.956846
0.931486
0.296007
0.285887
0.960418
0.980491
0.302795
0.286422
0.948152
0.934151
0.298840
0.285424
0.946482
0.916924
0.294173
0.280479
0.944507
0.920428
0.292799
0.266717
0.928651
0.918580
0.294547
0.269514
0.929137
0.937159
0.289148
0.271096
0.926851
0.930470
0.290022
0.286919
0.949675
0.924814
0.288484
0.285683
0.967725
0.961733
0.297734
0.283654
0.955619
0.968216
0.296850
0.285206
0.953879
0.946144
0.300066
0.290475
0.932948
0.926069
0.816533
8.011243
2.257850
3.099952
6.911759
10.843756
2.302500
2.049101
0.880940
2.008004
0.150874
1.417399
11.006175
4.789429
4.137596
4.642722
5.763019
5.034569
4.075930
6.209470
5.428138
3.466403
4.289705
5.385259
0.768354
0.466408
1.351556
0.614077
0.178848
0.355247
0.545931
6.549006
0.120984
0.256984
0.311851
1.161356
0.064883
0.055877
1.019606
0.640768
0.237184
0.035617
0.615506
0.088637
0.248495
0.090801
0.468174
0.091122
0.297622
0.226308
0.751470
0.742040
0.460158
0.507887
1.344556
1.860964
0.566452
0.760805
1.726601
2.633425
0.516011
0.709255
1.567388
1.492730
0.473210
0.297339
1.053502
2.695630
0.321246
0.575683
0.633477
1.040385
0.299914
0.351734
0.822055
0.666851
0.289906
0.160288
0.928481
0.433722
0.241314
0.146046
0.678351
0.618299
0.202993
0.127111
0.828169
0.754998
0.184035
0.170773
0.897113
0.860665
0.238273
0.268226
0.840195
1.105865
0.291265
0.384535
0.999734
1.230913
0.279347
0.437360
1.006232
1.157988
0.302900
0.427555
0.941162
0.920144
0.282107
0.310510
0.920014
0.710453
0.204562
0.128127
0.787253
0.696063
0.210614
0.191137
0.773755
0.758741
0.234579
0.177391
0.843814
0.872996
0.263683
0.262326
0.968554
1.037907
0.317762
0.379743
1.032148
1.070586
0.337175
0.391715
1.038628
1.046749
0.330823
0.337698
0.995918
0.987605
0.298818
0.282631
0.938014
0.900776
0.291438
0.245946
0.893910
0.828350
0.270178
0.233033
0.885212
0.847619
0.263730
0.234599
0.862779
0.864913
0.273336
0.249872
0.901186
0.924274
0.294285
0.285747
0.941665
0.981159
0.310636
0.300564
0.995149
0.985528
0.309360
0.316693
0.952752
0.975081
0.301692
0.294593
0.916018
0.941458
0.289640
0.263342
0.884383
0.853110
0.282420
0.257447
0.890614
0.875512
0.277375
0.251656
0.891601
0.882162
0.284498
0.258374
0.906218
0.915371
0.308126
0.280597
0.946601
0.945844
0.297196
0.286792
0.942901
0.951294
0.301370
0.295207
0.968449
0.940517
0.305655
0.286712
0.950240
0.945856
0.291826
0.283313
0.945335
0.938906
0.291807
0.264167
0.918337
0.930022
0.287297
0.271293
0.931568
0.921283
0.296076
0.264367
0.949454
0.931779
0.296576
0.277514
0.963204
0.951902
0.299115
0.284085
0.975219
0.972704
0.300123
0.287819
0.995654
0.957400
0.300735
0.277818
0.957479
0.949389
0.297138
0.280026
0.934316
0.910938
0.293833
0.276030
0.929315
1.023338
4.595153
0.455408
0.318925
1.795099
10.875740
1.527207
4.421741
1.529067
4.672059
3.669731
0.392026
2.114411
11.999512
4.045336
4.212368
5.727974
10.380264
6.280337
4.071788
6.498892
2.974587
4.024589
3.849080
5.761916
2.852372
1.761163
4.127003
2.266754
3.032099
4.269339
0.819222
8.068246
0.516109
3.436194
0.329217
0.668629
0.928518
0.673695
0.885012
0.813750
0.056053
0.007801
0.703320
0.072550
0.166197
0.167134
0.490031
0.270329
0.408821
0.066072
0.766164
0.834253
0.591550
1.341416
1.979928
1.824488
0.662844
0.893854
1.854980
2.418187
0.672362
0.725356
1.420797
1.528893
0.446067
0.240147
1.038835
2.726031
0.322923
0.641138
0.749440
0.411329
0.288619
0.371613
0.587812
1.699056
0.267032
0.154534
0.759444
0.289963
0.215535
0.096557
0.855033
0.604762
0.181372
0.212671
0.786917
0.749245
0.218141
0.224182
0.862348
0.904638
0.233828
0.313693
0.969571
1.054892
0.280848
0.338599
0.917225
1.218722
0.294717
0.320285
0.902453
1.220162
0.254095
0.318116
0.956300
1.048954
0.260423
0.292095
0.999901
0.811371
0.295697
0.233785
0.887225
0.574134
0.230162
0.200503
0.740722
0.750182
0.179507
0.230574
0.784090
1.015692
0.201677
0.229011
0.889319
0.942821
0.196701
0.238856
0.964546
1.004120
0.274320
0.295573
0.972201
1.038535
0.302053
0.326418
0.942307
0.914138
0.324034
0.287645
0.934860
0.885517
0.294399
0.259899
0.950542
0.894574
0.286837
0.249277
0.900464
0.888380
0.272573
0.247010
0.919050
0.911597
0.278592
0.277206
0.950735
0.984079
0.291061
0.298987
0.964367
0.992496
0.306801
0.291789
0.966770
0.957682
0.309802
0.300489
0.959447
0.929435
0.266495
0.285967
0.916094
0.923707
0.280725
0.273482
0.898611
0.897632
0.282175
0.269317
0.931921
0.912048
0.289473
0.272673
0.921631
0.912669
0.293610
0.278394
0.936676
0.935223
0.301622
0.282879
0.935529
0.968484
0.300872
0.292122
0.958949
0.933645
0.287436
0.280483
0.939016
0.912743
0.294737
0.280404
0.915610
0.912956
0.290834
0.275317
0.948880
0.910911
0.290691
0.260682
0.921033
0.932058
0.290722
0.275463
0.927047
0.928844
0.293622
0.270753
0.938439
0.922067
0.291666
0.285249
0.931392
0.946606
0.260484
0.275426
0.948325
0.943859
0.275194
0.278809
0.943108
0.940982
0.284666
0.291745
0.924140
0.929585
0.297295
0.279665
0.932151
0.919324
0.292649
0.279134
0.916284
0.925950
0.290750
0.276156
0.929555
0.911177
0.281001
0.278360
0.920192
0.920714
0.290733
0.274555
0.904008
0.927211
0.281874
0.272804
0.914643
0.930422
0.284722
0.269950
0.921115
0.926169
0.288260
0.278031
0.914331
0.919586
0.293752
0.354057
1.870771
1.326984
9.726503
0.970450
2.087510
0.187859
7.779587
0.799680
3.208237
2.009868
10.746156
0.356970
4.151464
0.162825
11.999512
4.721452
4.282358
7.661219
7.203340
4.997003
4.074096
6.029322
7.418242
1.363453
3.387919
1.414801
3.537403
1.851776
0.624757
0.204643
6.945750
3.384873
0.601210
4.210318
2.254918
4.197206
0.597596
1.327882
0.478381
0.336348
1.092051
0.257340
0.296359
0.014495
0.505277
0.084603
0.080011
0.006640
0.644584
0.466809
0.226704
0.153576
0.757296
0.609921
0.363215
0.496263
1.349779
1.945649
0.571059
0.712077
1.647711
1.860151
0.666636
0.642201
1.632860
2.188005
0.544251
0.297736
1.092254
2.328944
0.413704
0.210349
0.866775
1.207289
0.293617
1.197525
0.842301
0.953928
0.190511
0.166848
0.927250
0.849506
0.183907
0.080176
0.818509
0.494163
0.113737
0.157256
0.837707
0.738791
0.134197
0.203019
0.789765
0.719790
0.201977
0.182959
0.796131
0.638372
0.215283
0.310166
0.924844
1.346983
0.318946
0.359337
1.027701
1.072927
0.329841
0.326274
1.039661
1.041056
0.341318
0.325952
0.948254
0.896088
0.297890
0.237369
0.792459
0.807784
0.239336
0.230163
0.816630
0.818820
0.247872
0.229386
0.942368
0.956929
0.293953
0.262276
1.015395
1.015334
0.317916
0.334192
1.012843
1.033270
0.326465
0.323368
0.932178
0.936031
0.298661
0.294224
0.882416
1.009204
0.286722
0.263310
0.900570
0.885903
0.279056
0.242560
0.918795
0.842479
0.280971
0.252125
0.912754
0.877412
0.282650
0.283577
0.922464
0.899955
0.291164
0.291912
0.950614
0.959569
0.297868
0.297015
0.957341
1.015193
0.310122
0.310639
0.959988
1.048135
0.296551
0.298488
0.944572
0.931274
0.294611
0.271277
0.944753
0.868570
0.290497
0.269518
0.927473
0.886905
0.288406
0.266481
0.922152
0.899960
0.294756
0.267525
0.963252
0.977302
0.298337
0.291351
0.969048
0.951525
0.301934
0.283289
0.954743
0.963572
0.299497
0.283547
0.955737
0.974583
0.299972
0.290932
0.948948
0.938430
0.304399
0.280190
0.935252
0.887832
0.289990
0.273479
0.922794
0.897667
0.281279
0.276654
0.928829
0.918256
0.282763
0.274186
0.920081
0.944276
0.287038
0.279000
0.936677
0.950365
0.300957
0.275224
0.954425
0.918706
0.291496
0.277402
0.937128
0.928373
0.301831
0.285258
0.948201
0.968545
0.295266
0.282987
0.940153
0.934332
0.298043
0.269169
0.915850
0.910608
0.288377
0.267409
0.923377
0.878851
0.283549
0.271239
0.909514
0.913956
0.286878
0.272543
0.933397
0.934504
0.299619
0.275041
0.924599
0.929511
0.292751
0.291348
0.930689
0.928420
0.292580
0.275795
0.926080
0.930506
0.287786
0.271367
0.932769
0.915017
0.280042
0.278805
0.924710
0.934486
0.297494
0.275731
0.910883
0.915481
0.289884
0.268273
0.926168
0.921339
0.283712
0.277342
0.928828
0.924588
0.287084
0.277573
0.928060
0.941404
0.300587
0.280562
0.934774
0.936950
0.298123
0.280251
0.943445
0.947194
0.300589
0.278102
0.947539
0.933775
0.291475
0.283218
0.930992
0.920291
0.299143
0.278184
0.934924
0.910902
0.288293
0.273802
0.928218
0.943502
0.287874
0.283624
0.944842
0.926354
0.293829
0.274699
0.952723
0.941177
0.295666
0.286738
0.940414
0.951072
0.294415
0.275777
0.934026
0.931406
0.300084
0.288156
0.936039
0.922073
0.294777
0.280683
0.957399
0.929404
0.297820
0.273583
0.926464
0.928261
0.296679
0.278833
0.946712
0.942994
0.297351
0.274712
0.935832
0.927382
0.300625
0.273506
0.936721
0.920822
0.286881
0.268747
0.941917
0.933534
0.296651
0.272016
0.926768
0.927460
0.294897
0.283092
0.934773
0.932657
0.292081
0.271647
0.934928
0.947827
0.289254
0.285669
0.931037
0.932177
0.285822
0.281370
0.945064
0.930700
0.303746
0.281486
0.945817
0.932394
0.294487
0.272814
0.940759
0.935806
0.292893
0.283261
0.921268
0.930389
0.283255
0.282893
0.922034
0.917159
0.296777
0.276699
0.916032
0.930989
0.293535
0.277675
0.926321
0.935778
0.292238
0.285260
0.933656
0.908021
0.285953
0.277651
0.943029
0.931254
0.293194
0.280484
0.926762
0.929318
