0.799889
0.778673
0.804502
0.956427
0.781881
0.786819
0.795341
0.939740
0.744360
0.796952
0.802089
0.874641
0.756636
0.789985
0.802475
0.916443
0.791468
0.791232
0.796936
0.920776
0.796651
0.749464
0.801945
0.911481
0.776977
0.787332
0.775684
0.944213
0.824200
0.810012
0.781010
0.928087
0.782665
0.767500
0.799882
0.959628
0.797243
0.781672
0.804220
0.888458
0.794155
0.784122
0.793278
0.928734
0.795440
0.805333
0.813364
0.952475
0.820478
0.721051
0.792306
0.937315
0.772874
0.728113
0.801939
0.944508
0.799494
0.783373
0.804327
0.934556
0.785911
0.733263
0.769872
0.889494
0.814534
0.801613
0.833145
0.952447
0.755664
0.784947
0.799058
0.927284
0.814740
0.773674
0.801226
0.912482
0.794066
0.799720
0.816471
0.933672
0.810926
0.772173
0.801634
0.911233
0.783509
0.815543
0.802517
0.940134
0.801917
0.762982
0.803442
0.938815
0.783598
0.779775
0.803102
0.916297
0.800761
0.797071
0.777369
0.898581
0.825887
0.813183
0.799088
0.940011
0.780811
0.784747
0.801883
0.930013
0.785894
0.770926
0.818890
0.940614
0.787417
0.784731
0.794267
0.956747
0.787599
0.759174
0.800186
0.962680
0.776761
0.876359
0.802884
0.919400
0.754936
0.708874
0.862169
0.951402
0.812978
0.764993
0.783540
0.801240
0.816093
0.791680
0.751386
0.934763
0.858001
0.753630
0.747657
0.836955
0.820481
0.792042
0.756945
0.942531
0.801994
0.795698
0.774402
0.996242
0.777868
0.807196
0.831806
0.932355
0.762426
0.764676
0.851137
0.952686
0.727321
0.771257
0.828804
0.880724
0.803924
0.783561
0.847395
0.871286
0.772271
0.770554
0.818793
0.894061
0.797355
0.800796
0.801294
0.935401
0.822521
0.784246
0.798671
0.968611
0.814220
0.796817
0.761263
0.909568
0.840845
0.818480
0.780207
0.982506
0.785956
0.810231
0.801368
0.912923
0.801398
0.804326
0.810391
0.885037
0.767444
0.810424
0.801241
0.918555
0.779848
0.801754
0.836065
0.954377
0.765923
0.779065
0.827334
0.923978
0.859132
0.873010
0.830317
0.911911
0.785547
0.821939
0.815570
0.950729
0.808316
0.770630
0.737751
0.944369
0.866612
0.817615
0.745994
0.915122
0.817517
0.822999
0.801688
0.909989
0.810189
0.808415
0.795751
0.895771
0.778318
0.786783
0.807435
0.903360
0.723614
0.789456
0.831107
0.910917
0.761780
0.783152
0.901925
0.897051
0.750075
0.722401
0.836404
0.883942
0.796554
0.793176
0.845798
0.872683
0.804293
0.754864
0.819095
0.931422
0.765495
0.771880
0.741979
0.986553
0.803626
0.760526
0.749353
0.915497
0.794084
0.780783
0.766336
0.990913
0.794600
0.798928
0.797897
0.946129
0.804417
0.801547
0.803049
0.837477
0.780703
0.822931
0.820479
0.855933
0.763726
0.805269
0.817428
0.921413
0.743042
0.737607
0.936309
0.983364
0.697647
0.675907
0.878048
0.911143
0.834275
0.782559
0.811284
0.889836
0.779538
0.796338
0.734064
0.939785
0.808134
0.814566
0.759519
0.954159
0.811145
0.806134
0.800651
0.893726
0.808572
0.817143
0.835991
0.834703
0.775735
0.769148
0.817295
1.081690
0.766330
0.757200
0.824984
0.954754
0.754622
0.749735
0.879565
0.982713
0.775161
0.762762
0.845996
0.959565
0.785483
0.778984
0.829077
0.904949
0.789959
0.780446
0.809384
0.905707
0.792102
0.781749
0.778120
0.924688
0.802454
0.784912
0.755375
0.919815
0.801635
0.788927
0.765312
0.884120
0.797974
0.791242
0.788096
0.895996
0.789119
0.793143
0.810513
0.830888
0.781401
0.783122
0.825224
0.873627
0.752249
0.763291
0.832969
0.868081
0.794009
0.672425
0.898995
0.881628
0.751887
0.728824
0.761471
0.882254
0.759168
0.768055
0.802777
0.871691
0.733711
0.809024
0.738235
0.856665
0.783103
0.833033
0.756930
0.799851
0.805410
0.819481
0.793046
0.752230
0.812376
0.802432
0.809571
0.557728
0.798201
0.783676
0.798836
0.675895
0.719328
0.746867
0.808843
0.790347
0.791005
0.734371
0.824117
0.780978
0.775957
0.741511
0.839817
0.767877
0.785338
0.764264
0.832693
0.807215
0.791265
0.783611
0.821483
0.781578
0.777746
0.794720
0.795001
0.771942
0.791245
0.788787
0.769581
0.729499
0.801025
0.785869
0.764333
0.770842
0.799022
0.785148
0.780852
0.811120
0.795761
0.786163
0.798682
0.810784
0.790889
0.772016
0.813055
0.808955
0.779984
0.763682
0.826120
0.805134
0.814317
0.731646
0.945810
0.837117
0.693497
0.772779
0.824197
0.761039
0.826485
0.825845
0.795495
0.775782
0.741958
0.807660
0.795591
0.750621
0.654412
0.828866
0.793672
0.790825
0.797133
0.800788
0.802199
0.792259
0.800346
0.762040
0.779727
0.862390
0.792651
0.756313
0.793741
0.778294
0.796758
0.730126
0.798025
0.759023
0.791666
0.731754
0.813585
0.759051
0.786907
0.754862
0.812307
0.747839
0.781868
0.771984
0.829347
0.774711
0.778319
0.787622
0.821771
0.789673
0.772844
0.800558
0.800612
0.794654
0.774113
0.809667
0.789260
0.791159
0.788184
0.803498
0.781914
0.798165
0.793978
0.788637
0.795429
0.799585
0.793015
0.779586
0.803296
0.792063
0.798213
0.766467
0.808033
0.782290
0.790465
0.752047
0.814873
0.775406
0.788733
0.755371
0.819536
0.774022
0.787309
0.767434
0.814228
0.781185
0.898116
0.621018
0.930601
0.777666
0.702126
0.796053
0.844151
0.874989
0.776273
0.843821
0.790093
0.875358
0.773334
0.819586
0.792707
0.693033
0.708996
0.819365
0.818847
0.709782
0.679473
0.791696
0.794436
0.799153
0.670772
0.766698
0.798313
0.786136
0.606737
0.733245
0.800022
0.774648
0.794829
0.727638
0.803325
0.786668
0.802723
0.740165
0.804849
0.807532
0.800023
0.764138
0.807538
0.820456
0.784789
0.773238
0.802230
0.807342
0.780678
0.794055
0.796750
0.789669
0.771596
0.800733
0.795681
0.773095
0.780702
0.798457
0.797567
0.774796
0.786402
0.793822
0.805095
0.773684
0.781717
0.769009
0.805551
0.788116
0.791012
0.768361
0.803588
0.793960
0.796272
0.750836
0.803489
0.779082
0.872515
0.576128
1.099378
0.810085
0.732093
0.766698
0.773360
0.723660
0.780825
0.821664
0.864429
0.777180
0.750689
0.819814
0.770643
0.804212
0.594550
0.829930
0.822608
0.811098
0.691589
0.803006
0.808583
0.814934
0.738215
0.785766
0.803210
0.809277
0.800032
0.741672
0.777436
0.780550
0.814163
0.720444
0.776931
0.763059
0.816050
0.730562
0.789969
0.755111
0.807161
0.746275
0.801450
0.765405
0.791714
0.764219
0.807931
0.785984
0.782771
0.782886
0.810697
0.794224
0.770892
0.795367
0.808486
0.804008
0.767423
0.802443
0.799903
0.810089
0.782534
0.801078
0.800758
0.805381
0.788662
0.797353
0.801404
0.787317
0.800660
0.779078
0.800502
0.767021
0.804119
0.756098
0.793021
0.926618
0.980051
0.616604
1.074283
0.863735
0.799763
0.775234
0.796109
0.704304
0.768101
0.820054
0.845303
0.767879
0.728969
0.818841
0.827495
0.837817
0.722426
0.847211
0.809026
0.827739
0.761491
0.815846
0.866876
0.818225
0.793592
0.787096
0.788381
0.797980
0.803008
0.754442
0.783848
0.762874
0.827374
0.723617
0.786623
0.760190
0.821838
0.709764
0.798089
0.778726
0.817690
0.741767
0.802944
0.775403
0.805811
0.760284
0.810508
0.785646
0.786401
0.769301
0.810452
0.790070
0.770992
0.783646
0.792091
0.796499
0.757724
0.802450
0.795302
0.799955
0.764714
0.803326
0.794738
0.795489
0.768446
0.796335
0.794142
0.789635
0.786168
0.787361
0.798873
0.783244
0.795387
0.775364
0.800903
0.897128
0.804207
0.746027
0.803177
0.799900
1.024994
0.706489
0.797579
0.850676
0.753556
0.767141
0.842581
0.732080
0.772770
0.828920
0.875667
0.797418
0.732738
0.819993
0.813238
0.823525
0.716651
0.855558
0.797919
0.821059
0.743794
0.823829
0.821069
0.827188
0.785325
0.795893
0.797423
0.806743
0.798743
0.766516
0.778673
0.784539
0.828445
0.727591
0.786226
0.769464
0.818295
0.704412
0.799021
0.763530
0.813418
0.749157
0.805233
0.772096
0.801969
0.753136
0.815317
0.776320
0.789027
0.765600
0.814957
0.784742
0.769713
0.783298
0.802506
0.793086
0.753434
0.800653
0.788489
0.801153
0.756616
0.808494
0.779768
0.801619
0.770067
0.806781
0.780188
0.782910
0.785664
0.793942
0.790538
0.784261
0.799856
0.776084
0.792948
0.792760
1.087114
0.721458
0.863643
0.768474
0.795116
0.800867
0.845127
0.672060
0.798787
0.783868
0.807020
0.757301
0.723054
0.801620
0.809227
0.823169
0.760544
0.829206
0.825451
0.832048
0.764495
0.822705
0.812400
0.813577
0.782179
0.801603
0.792066
0.809435
0.791134
0.782752
0.770106
0.784815
0.802879
0.750821
0.754635
0.764945
0.822725
0.727266
0.768259
0.777113
0.807088
0.735139
0.795146
0.781024
0.800560
0.747220
0.811400
0.773404
0.791135
0.762352
0.824713
0.781344
0.776709
0.778492
0.826787
0.790571
0.763730
0.793206
0.817977
0.804691
0.761585
0.806048
0.803952
0.795673
0.765849
0.811015
0.790949
0.785369
0.780227
0.803632
0.786622
0.778596
0.792523
0.794242
0.787541
0.775206
0.803507
0.774904
0.791260
0.784256
0.757508
0.750822
0.888248
0.813970
0.901627
0.791219
0.773409
0.772098
0.763297
0.805675
0.920313
0.779714
0.757226
0.808110
0.888688
0.795328
0.748940
0.827524
0.849906
0.799977
0.774838
0.810472
0.824875
0.810497
0.779724
0.796589
0.798727
0.803225
0.791570
0.771832
0.753760
0.783940
0.816148
0.746861
0.742431
0.777591
0.825478
0.732323
0.764535
0.784828
0.811055
0.748025
0.795908
0.782394
0.803253
0.757482
0.814276
0.772561
0.788685
0.768218
0.827757
0.778345
0.772449
0.780949
0.839444
0.785372
0.757783
0.796526
0.833148
0.794962
0.761668
0.801970
0.817527
0.790957
0.771975
0.804243
0.796924
0.803527
0.787066
0.797660
0.782260
0.803990
0.797765
0.783315
0.775423
0.781625
0.805488
0.768919
0.781743
0.787503
0.804662
0.755783
0.793050
0.784510
0.768394
0.779351
0.665990
0.754637
0.834741
0.765642
0.920067
0.778958
0.769720
0.781804
0.888633
0.776719
0.769118
0.793145
0.891385
0.803096
0.773654
0.813660
0.863612
0.805680
0.777376
0.806334
0.832492
0.805316
0.763134
0.803759
0.794947
0.798027
0.787439
0.789952
0.748765
0.768176
0.812576
0.768249
0.743770
0.781003
0.814795
0.759830
0.768102
0.799279
0.822023
0.758279
0.796753
0.778270
0.806892
0.752146
0.821143
0.777024
0.795962
0.753029
0.837866
0.786108
0.785222
0.768509
0.843481
0.786052
0.777708
0.783263
0.836067
0.786087
0.767867
0.794812
0.817219
0.790559
0.775550
0.804641
0.794021
0.795476
0.783442
0.802352
0.780736
0.788416
0.792428
0.797471
0.779262
0.768943
0.720651
0.851492
0.696343
0.725082
0.780941
0.753770
0.930117
0.807489
0.767504
0.740993
0.819771
0.773464
0.777434
0.743567
0.863766
0.762544
0.809650
0.770850
0.853441
0.788312
0.817319
0.774426
0.839601
0.794215
0.794345
0.768799
0.802434
0.776867
0.771010
0.769857
0.748420
0.755694
0.780629
0.820302
0.725905
0.794787
0.772025
0.810722
0.762890
0.825643
0.772361
0.812635
0.809009
0.824933
0.781387
0.806749
0.834626
0.811042
0.780204
0.789219
0.844055
0.777296
0.775946
0.766911
0.845701
0.765566
0.787471
0.751823
0.835611
0.781995
0.797059
0.748411
0.812659
0.771003
0.804964
0.756753
0.788589
0.778198
0.809308
0.766086
0.771347
0.787097
0.802477
0.782603
0.769732
0.789329
0.882507
0.822923
0.741150
0.784032
0.899500
0.764701
1.012842
0.746946
0.793451
0.738566
0.867549
0.768987
0.669030
0.726256
0.800141
0.752632
0.793620
0.735515
0.833916
0.774888
0.806174
0.750487
0.827863
0.791479
0.819081
0.766540
0.813973
0.784212
0.810115
0.767062
0.793913
0.774700
0.776997
0.795586
0.776407
0.781633
0.759734
0.830306
0.792175
0.811895
0.754193
0.833752
0.811999
0.827058
0.764504
0.823096
0.836757
0.827522
0.776856
0.804555
0.845308
0.803216
0.780877
0.776763
0.840814
0.779299
0.792781
0.747639
0.824441
0.768940
0.804704
0.734282
0.800594
0.758811
0.819017
0.733102
0.779447
0.766541
0.815060
0.759692
0.774611
0.787212
0.800768
0.783244
0.783167
0.792069
0.820353
1.048410
0.773877
0.796908
0.720301
0.676385
0.749110
0.845830
0.815478
0.781731
0.760682
0.695666
0.654854
0.713198
0.803141
0.739936
0.739733
0.729462
0.784681
0.769047
0.785366
0.722437
0.817063
0.811108
0.811424
0.773151
0.822852
0.812701
0.792294
0.781418
0.812738
0.800348
0.770302
0.789996
0.805182
0.794646
0.717600
0.824348
0.809724
0.796464
0.720156
0.834282
0.813543
0.797744
0.743687
0.821317
0.823074
0.804390
0.762653
0.802155
0.824025
0.798949
0.768650
0.779267
0.816363
0.784596
0.745500
0.747509
0.804131
0.779647
0.741314
0.721057
0.796175
0.773355
0.753841
0.734015
0.796059
0.775454
0.789959
0.760652
0.801633
0.796045
0.777447
0.777083
0.804962
0.783669
0.743118
0.792926
0.803845
0.790133
0.777262
0.932645
0.794775
0.787963
0.757328
0.693198
0.753595
0.847718
0.793147
0.824913
0.717007
0.976322
0.772270
0.736581
0.757550
0.790220
0.825039
0.746979
0.760509
0.749528
0.768923
0.773072
0.795699
0.786328
0.756693
0.758446
0.808632
0.818668
0.765130
0.758930
0.821308
0.770881
0.726781
0.787898
0.832738
0.764216
0.716926
0.809335
0.841693
0.805182
0.726350
0.829658
0.828311
0.807093
0.746171
0.821816
0.824237
0.815134
0.774843
0.808175
0.810187
0.810731
0.787211
0.787119
0.792345
0.798462
0.785092
0.762767
0.775513
0.776244
0.809090
0.742627
0.775723
0.772519
0.771860
0.737573
0.789590
0.773054
0.774582
0.753290
0.809158
0.778720
0.763776
0.770797
0.825966
0.855236
0.719421
0.788782
0.831566
0.786900
0.736681
0.803106
0.831153
0.800922
0.690313
0.855429
0.988505
0.848062
0.736080
0.741912
0.804013
0.763878
0.787224
0.829488
0.748898
0.762294
0.785624
0.762351
0.740741
0.791478
0.788221
0.770956
0.777835
0.818986
0.777865
0.772195
0.800222
0.799217
0.770516
0.748011
0.801501
0.795069
0.753647
0.762571
0.826553
0.759745
0.731465
0.776474
0.835949
0.765160
0.730567
0.800983
0.852742
0.756484
0.745589
0.812879
0.844116
0.786490
0.761453
0.812983
0.821679
0.800926
0.771344
0.807490
0.796659
0.799579
0.786204
0.789322
0.770814
0.799683
0.778747
0.767675
0.764638
0.803023
0.784435
0.758470
0.776477
0.794457
0.781911
0.759169
0.800920
0.780189
0.760315
0.763552
0.819689
0.772463
0.752727
0.773632
0.835891
0.774663
0.743211
0.788840
0.848394
0.791027
0.744059
0.802297
0.837876
0.781454
0.749241
0.807676
0.821510
0.793375
0.755960
0.804880
0.800569
0.796918
0.774485
0.791352
0.785926
0.814746
0.799415
0.777567
0.781121
0.774033
0.775710
0.764146
0.787527
0.791060
0.770699
0.755379
0.796903
0.782031
0.748362
0.757771
0.811029
0.774843
0.746872
0.765672
0.824250
0.784058
0.733693
0.771918
0.832397
0.790878
0.744905
0.803451
0.831898
0.790469
0.751110
0.804169
0.819670
0.791677
0.762124
0.802892
0.805855
0.795992
0.766653
0.791806
0.794016
0.791463
0.781536
0.779042
0.786984
0.791336
0.768362
0.763007
0.789828
0.786854
0.791366
0.757284
0.795955
0.783987
0.787740
0.756774
0.809374
0.782301
0.782391
0.766144
0.816566
0.796655
0.775725
0.778185
0.822306
0.791743
0.754972
0.789674
0.822478
0.782183
0.761120
0.798757
0.815501
0.821838
0.768165
0.797829
0.806343
0.795824
0.772767
0.789779
0.797421
0.797920
0.778346
0.784794
0.795798
0.800308
0.786046
0.771741
0.794781
0.792471
0.788101
0.762954
0.798212
0.782380
0.769152
0.758817
0.804446
0.782004
0.768861
0.764149
0.809390
0.783917
0.768086
0.774203
0.813141
0.787286
0.763296
0.783400
0.814248
0.786346
0.763912
0.790185
0.809930
0.786929
0.756929
0.793479
0.804573
0.789966
0.764282
0.792411
0.803026
0.792121
0.765841
0.787377
0.800591
0.792007
0.774104
0.777271
0.799270
0.788805
0.775642
0.769190
0.800280
0.785990
0.777387
0.763295
0.802004
0.783419
0.774635
0.764977
0.806920
0.791418
0.773240
0.770465
0.808761
0.786540
0.766688
0.778548
0.809433
0.805587
0.763660
0.788769
0.807752
0.788053
0.767077
0.793388
0.804166
0.798252
0.767466
0.793393
0.805590
0.800208
0.774019
0.788633
0.804292
0.798267
0.773428
0.780883
0.802361
0.796709
0.774852
0.774438
0.802222
0.793018
0.778257
0.766406
0.803261
0.783821
0.774145
0.766504
0.804343
0.786356
0.770991
0.770548
0.805563
0.790407
0.771631
0.776961
0.807063
0.787648
0.765555
0.787101
0.808940
0.788031
0.767365
0.790558
0.805138
0.790484
0.769432
0.792911
0.805780
0.790376
0.769868
0.790821
0.806192
0.791981
0.770042
0.782862
0.805883
0.789475
0.771330
0.775975
0.808004
0.842824
0.773489
0.773174
0.806258
0.780251
0.775917
0.770834
0.807196
0.792964
0.773559
0.771645
0.806834
0.782712
0.771249
0.777656
0.805687
0.789133
0.768549
0.784511
0.806632
0.790779
0.766358
0.787715
0.807653
0.787731
0.762629
0.791125
0.807967
0.789511
0.766916
0.790362
0.808818
0.789523
0.769445
0.783713
0.810411
0.798634
0.768760
0.779856
0.809900
0.795943
0.772395
0.774968
0.809039
0.786793
0.773816
0.771910
0.805596
0.785482
0.772271
0.773157
0.804918
0.789607
0.770035
0.779594
0.804484
0.790787
0.772251
0.779948
0.806806
0.787998
0.764261
0.787296
0.807227
0.787906
0.764486
0.790236
0.809550
0.789587
0.767679
0.788646
0.811453
0.789441
0.769630
0.785731
0.811919
0.795294
0.768322
0.782219
0.813195
0.801465
0.773791
0.776111
0.808560
0.791328
0.773449
0.775629
0.806307
0.784219
0.775044
0.775382
0.804532
0.786941
0.770454
0.777860
0.803875
0.789375
0.772549
0.781434
0.803910
0.786768
0.767622
0.785764
0.805469
0.786210
0.768953
0.787505
0.808718
0.787266
0.769616
0.783899
0.811010
0.789452
0.768280
0.783740
0.809179
0.784029
0.770001
0.782430
0.809443
0.789494
0.768966
0.776573
0.808449
0.789795
0.775025
0.775786
0.804854
0.788666
0.776376
0.773422
0.802770
0.788691
0.775209
0.775058
0.800999
0.788173
0.769905
0.778282
0.802169
0.786752
0.768510
0.784692
0.805398
0.787366
0.773388
0.783925
0.808181
0.786700
0.770592
0.783650
0.810247
0.798213
0.771672
0.781109
0.808822
0.789913
0.769701
0.778858
0.809752
0.790443
0.770346
0.776924
0.808187
0.788868
0.771394
0.775596
0.804619
0.788935
0.780425
0.776002
0.802844
0.788028
0.777738
0.776139
0.799870
0.789550
0.771210
0.779145
0.801656
0.788352
0.774869
0.781259
0.804699
0.788677
0.767376
0.781105
0.808171
0.790690
0.769544
0.791421
0.808343
0.787178
0.766364
0.789086
0.809038
0.790567
0.772077
0.786647
0.808526
0.789984
0.774110
0.787020
0.808764
0.788730
0.779402
0.785822
0.803067