0.297664
0.272296
0.955837
0.937563
0.298510
0.275738
0.969746
0.918610
0.297315
0.270911
0.948212
0.925010
0.308014
0.280735
0.941822
0.912184
0.295439
0.271770
0.956463
0.893314
0.294046
0.269465
0.955668
0.926749
0.298727
0.273840
0.960678
0.920449
0.291062
0.276190
0.954911
0.933626
0.303442
0.272462
0.952549
0.916731
0.301168
0.274724
0.954717
0.926563
0.294904
0.280456
0.953398
0.915312
0.299091
0.267673
0.949829
0.918111
0.295095
0.280113
0.953186
0.918485
0.292893
0.272359
0.963044
0.927669
0.301650
0.273295
0.952839
0.926812
0.310465
0.271210
0.978453
0.922545
0.302203
0.280680
0.956252
0.912444
0.284751
0.277404
0.955483
0.926098
0.286276
0.284929
0.946302
0.902875
0.295820
0.277809
0.936491
0.911727
0.309024
0.271977
0.950227
0.910529
0.301153
0.278795
0.958833
0.907160
0.302134
0.274024
0.943958
0.917793
0.304074
0.269791
0.965228
0.931491
0.298978
0.279747
0.952070
0.914110
0.296387
0.274591
0.935638
0.921441
0.296336
0.276919
0.955333
0.924275
0.300552
0.275101
0.952882
0.899187
0.302718
0.280575
0.951485
0.919466
0.302149
0.269008
0.955176
0.913444
0.294268
0.272069
0.945477
0.924433
0.292554
0.281911
0.975726
0.912248
0.293356
0.272981
0.952084
0.920568
0.297198
0.277478
0.942198
0.932190
0.288857
0.275920
0.959873
0.902692
0.298120
0.272293
0.945492
0.899800
0.290216
0.279567
0.948008
0.906659
0.290675
0.270519
0.953119
0.924808
0.297610
0.277282
0.964179
0.919104
0.295255
0.272291
0.951224
0.915097
0.298373
0.283592
0.963730
0.926351
0.299034
0.275578
0.970869
0.920543
0.292966
0.272653
0.965199
0.912984
0.309364
0.280464
0.951586
0.917263
0.303337
0.269513
0.947028
0.915435
0.299826
0.283615
0.965872
0.924777
0.297773
0.271081
0.952159
0.930642
0.293853
0.271306
0.962975
0.914560
0.301957
0.267842
0.943336
0.914519
0.303865
0.273522
0.959348
0.917175
0.295923
0.267377
0.967781
0.906175
0.297596
0.264603
0.947630
0.918737
0.294441
0.267890
0.968204
0.918041
0.303715
0.269053
0.963482
0.931338
0.290067
0.262387
0.971285
0.916210
0.298817
0.281463
0.944178
0.927339
0.302272
0.268662
0.974429
0.904154
0.303818
0.278182
0.959628
0.916080
0.291228
0.274813
0.942420
0.904120
0.299622
0.279216
0.953676
0.919704
0.298421
0.269182
0.951316
0.912359
0.304375
0.275131
0.958775
0.896872
0.299229
0.273717
0.965052
0.913545
0.302123
0.277178
0.962349
0.936465
0.300211
0.275624
0.956398
0.927012
0.306253
0.272834
0.947603
0.919738
0.290952
0.285066
0.970748
0.918895
0.286220
0.276906
0.941757
0.926208
0.302358
0.276796
0.959492
0.923226
0.303546
0.271529
0.949222
0.913654
0.299514
0.269321
0.958302
0.916132
0.297995
0.270862
0.960140
0.917258
0.293988
0.269598
0.958399
0.957351
0.297834
0.270245
0.964149
0.923099
0.303914
0.271612
0.966048
0.890294
0.295773
0.273453
0.964074
0.896129
0.298186
0.272917
0.975766
0.925706
0.304497
0.274696
0.965233
0.945542
0.302295
0.267843
0.967181
0.936640
0.309250
0.273243
0.992584
0.930895
0.315982
0.273872
0.981403
0.958936
0.307193
0.270003
0.933350
0.904684
0.297822
0.276135
0.908501
0.890736
0.276967
0.270710
0.901647
0.871100
0.263268
0.266736
0.909870
0.901478
0.287837
0.262118
0.958205
0.964625
0.305201
0.281461
0.960176
0.922466
0.298143
0.280157
0.981966
0.928974
0.298561
0.283421
0.957697
0.923756
0.308026
0.270783
0.975064
0.928286
0.299508
0.274434
0.946527
0.929619
0.312575
0.276715
0.961343
0.915819
0.295390
0.274719
0.963385
0.933534
0.294804
0.271613
0.944632
0.909834
0.301169
0.266079
0.957531
0.917790
0.306298
0.271353
0.953892
0.926425
0.299807
0.273995
0.968477
0.927165
0.292903
0.284580
0.964957
0.938743
0.300052
0.273510
0.953428
0.930411
0.290145
0.273949
0.965667
0.900999
0.290513
0.274401
0.956367
0.940500
0.298407
0.273674
0.959972
0.929478
0.307571
0.266215
0.962525
0.931569
0.307514
0.271913
0.959827
0.924285
0.295087
0.269729
0.981701
0.928799
0.304224
0.274795
0.959159
0.936304
0.308815
0.273699
0.929786
0.915731
0.309212
0.296459
2.186770
0.873528
0.357986
0.214959
0.177485
0.233978
0.115274
0.039337
1.441313
0.505056
1.457911
0.118043
4.299283
4.828661
2.257093
0.579836
5.567094
3.530260
1.689030
0.667128
2.529810
3.358131
0.535406
0.574222
2.016987
2.873908
0.366633
0.391977
0.403045
0.370350
0.154369
0.292673
0.445917
0.547108
0.115804
0.162850
0.537033
0.466610
0.215430
0.121650
0.537709
0.569475
0.224542
0.145620
0.811783
0.621156
0.269725
0.204847
0.958009
0.942404
0.335871
0.322882
1.052412
1.113823
0.357463
0.404379
1.270960
1.347568
0.420809
0.461538
1.345701
1.402910
0.430289
0.374230
1.317733
1.175129
0.384203
0.260561
1.124168
0.866016
0.294686
0.212722
0.857780
0.716393
0.234070
0.202311
0.720171
0.733830
0.219544
0.230378
0.791439
0.781486
0.253692
0.245409
0.839141
0.878907
0.296860
0.283391
0.943719
0.988943
0.314764
0.315483
1.017836
1.065471
0.319652
0.314882
1.018377
0.994706
0.317212
0.289297
0.962311
0.908425
0.307224
0.255100
0.898604
0.817810
0.286967
0.234595
0.857757
0.828423
0.272557
0.241242
0.860598
0.839222
0.243894
0.259623
0.788640
0.893136
0.225077
0.268781
0.840859
0.862498
0.268508
0.261103
0.948482
0.939766
0.330267
0.276604
1.007062
0.970397
0.323147
0.302242
0.981506
0.947023
0.312154
0.273485
0.946127
0.901804
0.295849
0.264979
0.913371
0.891218
0.288346
0.265412
0.944752
0.911866
0.289804
0.276152
0.976547
0.934285
0.294557
0.280947
0.957348
0.930293
0.299902
0.270770
0.961371
0.930613
0.310820
0.282797
0.978641
0.924424
0.301540
0.275575
0.965554
0.919906
0.291510
0.268363
0.973047
0.925629
0.305928
0.267738
0.983305
0.927328
0.312330
0.270761
0.956474
0.918666
0.299754
0.279765
0.962771
0.913619
0.300753
0.271108
0.956609
0.917865
0.302828
0.277536
0.958178
0.932436
0.307692
0.276970
0.979784
0.950802
0.309405
0.281077
0.954394
0.924845
0.299141
0.274078
0.969591
0.917249
0.298995
0.276394
0.969200
0.920290
0.293670
0.267834
0.962487
0.903772
0.293024
0.273734
0.966245
0.916498
0.292670
0.263200
0.952553
0.914428
0.296556
0.282224
0.941720
0.921323
0.293561
0.275479
0.950126
0.909884
0.305498
0.273334
0.952470
0.913506
0.307061
0.280184
0.930506
0.931436
0.301634
0.277020
0.932568
0.901490
0.293061
0.279089
0.944645
0.906931
0.306914
0.275497
0.958208
0.907493
0.291694
0.272545
0.933451
0.916604
0.294327
0.271017
0.945253
0.898489
0.299956
0.268365
0.956299
0.908413
0.290965
0.277212
0.939754
0.943615
0.300599
0.272538
1.574154
1.416372
1.925649
0.548197
0.926215
0.431866
0.486999
0.105661
1.923099
0.080984
1.670392
0.026160
4.057177
4.424871
3.272139
0.438737
8.002583
5.631751
3.097353
0.760156
5.369134
7.310511
1.419722
1.715492
8.282257
4.357999
0.248184
0.394751
0.320739
3.616484
0.307281
0.288131
0.111490
0.126480
0.063672
0.135681
0.676162
0.398600
0.101258
0.131799
0.545450
0.632175
0.217917
0.077809
0.472272
0.449841
0.204842
0.127538
0.898792
0.769459
0.267513
0.271810
0.951954
0.996027
0.330253
0.443212
1.125352
1.112560
0.391202
0.505161
1.395258
1.577364
0.469963
0.464035
1.443267
1.698450
0.442714
0.339108
1.362228
1.079608
0.372922
0.222585
1.117035
0.790177
0.289530
0.198006
0.897760
0.685805
0.239625
0.198013
0.744567
0.665560
0.213895
0.228531
0.762424
0.768516
0.243942
0.269940
0.831771
0.908377
0.284833
0.309450
0.976120
1.085844
0.315874
0.328919
1.017591
1.074919
0.324021
0.311148
0.979329
0.919490
0.311665
0.271129
0.896625
0.808830
0.279046
0.241728
0.786933
0.765263
0.229897
0.237994
0.718460
0.757110
0.224906
0.223603
0.823107
0.821881
0.261469
0.254679
0.970422
0.966846
0.330670
0.289252
1.054178
1.020525
0.342389
0.305522
1.025013
0.997619
0.322586
0.302965
0.979007
0.927638
0.295749
0.277866
0.914703
0.880529
0.302650
0.251609
0.929633
0.873075
0.285699
0.238306
0.932720
0.904854
0.290558
0.263436
0.953848
0.915018
0.293888
0.277672
0.957633
0.921486
0.303465
0.284261
0.968548
0.929630
0.302649
0.282026
0.978899
0.919884
0.301717
0.290564
0.992616
0.948243
0.306121
0.279178
0.952585
0.930363
0.303852
0.267114
0.959748
0.899162
0.295782
0.263578
0.937376
0.901483
0.291842
0.267211
0.953963
0.916693
0.291896
0.278704
0.977145
0.934708
0.292524
0.275432
0.978751
0.941764
0.315810
0.281669
0.979520
0.914017
0.305496
0.278172
0.970843
0.929879
0.301101
0.282161
0.985329
0.908052
0.300742
0.265372
0.966630
0.917123
0.296875
0.278042
0.958521
0.914872
0.298956
0.264815
0.960818
0.908640
0.305701
0.275918
0.948561
0.910078
0.294088
0.267139
0.951441
0.919164
0.301662
0.283266
0.953896
0.910455
0.302463
0.270912
0.935004
0.908311
0.302228
0.281450
0.945226
0.916627
0.306682
0.278994
0.939734
0.921953
0.296647
0.268636
0.944478
0.908102
0.303243
0.269797
0.931563
0.891936
0.291776
0.262330
0.934000
0.917420
0.298563
0.273619
0.931704
0.899133
0.294354
0.275839
0.936306
0.903018
0.302297
0.270213
1.247625
1.329818
2.786741
0.611018
0.827474
0.185661
1.177332
0.125788
0.345641
0.172128
1.024453
0.017471
4.095428
2.635226
3.145861
0.330561
8.000084
5.855104
1.543904
0.872797
7.280763
2.437783
0.786915
0.767446
2.724994
7.162200
0.052730
1.063345
0.177737
2.034529
0.212957
0.547415
0.525845
1.364844
0.027201
0.171916
0.351035
0.311102
0.040685
0.090509
0.465055
0.526383
0.149782
0.055849
0.411650
0.434322
0.257823
0.083727
0.837671
0.530548
0.260198
0.236767
1.400261
1.197733
0.397554
0.381586
1.291464
1.204738
0.478622
0.558416
1.481067
1.594896
0.484739
0.567914
1.689384
1.778605
0.492191
0.373744
1.478475
1.289008
0.388615
0.233754
1.182832
0.881288
0.286773
0.193710
0.849311
0.611988
0.221490
0.178234
0.678312
0.557839
0.201989
0.194941
0.680879
0.687592
0.219238
0.231225
0.780099
0.856132
0.291578
0.306163
0.924324
1.055061
0.315951
0.340128
1.034562
1.143166
0.362929
0.344649
0.930849
1.023384
0.265106
0.297558
0.959839
0.842864
0.348941
0.253393
0.788055
0.760445
0.259721
0.228066
0.619796
0.723222
0.192749
0.230003
0.738352
0.724679
0.211524
0.221689
0.908062
0.887946
0.299984
0.250208
1.020363
1.035765
0.344879
0.300295
1.072474
1.057273
0.321509
0.333495
1.014532
1.016449
0.318272
0.311651
0.949701
0.919307
0.285306
0.263744
0.928578
0.869190
0.302160
0.258168
0.937277
0.872475
0.279857
0.246653
0.935925
0.921685
0.301808
0.260274
0.945174
0.918153
0.298470
0.272351
0.951501
0.907780
0.307142
0.283267
0.981930
0.936912
0.303799
0.287960
0.996513
0.966573
0.311092
0.282247
0.968799
0.961145
0.303517
0.267818
0.969388
0.916476
0.296067
0.263804
0.961261
0.897800
0.293732
0.258704
0.940310
0.878314
0.293833
0.267475
0.927649
0.904290
0.301249
0.275856
0.952843
0.928513
0.308399
0.274258
0.978929
0.927791
0.314751
0.271701
0.973958
0.939622
0.299065
0.280109
0.961868
0.921074
0.300715
0.267604
0.931885
0.907583
0.299737
0.271844
0.934487
0.914023
0.297306
0.273938
0.933935
0.892998
0.307266
0.265641
0.944312
0.897907
0.294904
0.268055
0.919899
0.912450
0.295820
0.264546
0.922450
0.909729
0.293051
0.278132
0.943424
0.910783
0.289012
0.274905
0.943286
0.912925
0.301369
0.273126
0.951938
0.916226
0.299262
0.274750
0.954079
0.921326
0.306953
0.277992
0.936044
0.909576
0.298107
0.269565
0.946857
0.900461
0.302607
0.281000
0.957908
0.901239
0.290463
0.271910
0.952979
0.927660
0.297869
0.278290
0.957682
0.932215
0.302312
0.283012
0.953372
0.925277
0.302678
0.279057
0.948987
0.947174
0.741921
0.325871
0.695811
0.052839
0.666098
0.159607
0.307361
0.221700
0.635489
0.013754
4.535284
1.393607
2.632391
0.219808
7.202241
5.909081
3.210447
0.771701
7.904001
4.934812
3.410134
0.644723
0.889935
4.035126
0.356319
0.662905
0.507071
2.729890
0.293636
0.420753
0.427938
0.256850
0.046736
0.183654
0.402630
0.391939
0.069038
0.087648
0.465204
0.521958
0.169679
0.066137
0.527218
0.510858
0.285296
0.114074
0.547352
0.711102
0.260584
0.206687
1.026037
0.939459
0.337213
0.364275
1.102333
1.114830
0.409193
0.530076
1.368326
1.445436
0.460904
0.505758
1.439806
1.653417
0.467803
0.393191
1.414078
1.255207
0.391994
0.247312
1.237169
0.897936
0.311657
0.206682
0.928114
0.650693
0.247330
0.185117
0.713482
0.620145
0.213065
0.206907
0.704706
0.716528
0.220131
0.242552
0.761880
0.837222
0.264236
0.297084
0.831722
0.999214
0.304464
0.339424
0.978323
1.081924
0.348482
0.321709
1.065079
1.028629
0.319354
0.298490
0.922954
0.851641
0.280942
0.263802
0.664700
0.770156
0.227707
0.228868
0.751014
0.665961
0.237392
0.208166
0.882233
0.814579
0.277613
0.238172
0.993013
0.967379
0.321934
0.287250
1.020075
1.012220
0.335513
0.301213
1.031321
1.026691
0.326420
0.318074
1.000059
0.982925
0.301025
0.286612
0.949623
0.908024
0.297107
0.265934
0.925713
0.891122
0.294557
0.257333
0.930556
0.878857
0.289063
0.260620
0.942940
0.909360
0.300018
0.268936
0.935032
0.924312
0.304480
0.280650
0.969996
0.923880
0.299664
0.288986
0.977894
0.953359
0.311226
0.289280
0.992598
0.964310
0.302999
0.275997
0.990986
0.951969
0.304888
0.276987
0.967215
0.908367
0.295494
0.269417
0.952271
0.906188
0.295066
0.262999
0.949088
0.893552
0.295569
0.258028
0.947291
0.934992
0.302162
0.269328
0.967625
0.931080
0.298516
0.279328
0.965820
0.929962
0.299903
0.272435
0.971629
0.926041
0.305955
0.274040
0.946838
0.912424
0.307216
0.277093
0.961570
0.914152
0.297462
0.277198
0.960553
0.925063
0.296686
0.270714
0.956599
0.913544
0.300365
0.273721
0.954653
0.913864
0.293260
0.272143
0.919230
0.908422
0.302049
0.276834
0.956775
0.909219
0.299240
0.279398
0.938424
0.902563
0.312785
0.280540
0.937454
0.922484
0.304334
0.275057
0.953959
0.915039
0.292895
0.272081
0.945507
0.924573
0.293096
0.268465
0.949098
0.920395
0.297860
0.272100
0.960035
0.922943
0.295392
0.275062
0.940312
0.926849
0.298238
0.268673
0.939827
0.926600
0.305222
0.276071
0.970068
0.934235
0.302921
0.278209
1.168467
1.835852
2.707457
0.701249
0.141724
0.086130
1.152467
0.149734
0.571723
0.229869
0.932400
0.011859
4.501423
2.147393
2.748760
0.244467
8.044212
6.292667
3.769608
0.886753
7.402086
3.780648
0.323751
0.686344
3.444947
7.407342
0.024818
1.924913
0.659120
2.719295
0.135319
0.477946
0.600522
2.316294
0.031153
0.155613
0.206095
0.292349
0.039472
0.063662
0.456595
0.477664
0.161938
0.056525
0.339910
0.480896
0.283973
0.076254
0.839032
0.541215
0.319715
0.262709
1.436049
1.459214
0.419214
0.370813
1.464634
1.325578
0.497119
0.588084
1.634104
1.623062
0.495251
0.562781
1.566057
1.724343
0.467425
0.372118
1.356697
1.287555
0.402230
0.245164
1.128531
0.830038
0.303020
0.193227
0.827415
0.593764
0.229122
0.165314
0.718922
0.579351
0.212895
0.181415
0.734846
0.699838
0.224818
0.233157
0.733096
0.864239
0.278687
0.292384
0.888631
1.058866
0.294493
0.351222
1.006514
1.123120
0.304051
0.344914
1.005151
1.002385
0.315738
0.306392
0.920718
0.855675
0.275893
0.262314
0.804931
0.774567
0.249952
0.227278
0.738469
0.730653
0.214967
0.217793
0.624014
0.766905
0.116525
0.236596
0.802693
0.779200
0.086664
0.243838
0.997596
0.956427
0.301483
0.293524
1.079993
1.068198
0.319817
0.327276
1.032623
1.057448
0.299923
0.307344
0.988941
0.964580
0.296681
0.281549
0.929011
0.870591
0.284218
0.249268
0.916095
0.857476
0.288650
0.244770
0.932743
0.884357
0.286348
0.256830
0.933949
0.905360
0.295402
0.273132
0.949492
0.919633
0.304777
0.276125
0.987878
0.942141
0.299874
0.293948
0.980032
0.950939
0.304103
0.281304
0.977316
0.942087
0.313759
0.282210
0.981352
0.941662
0.293014
0.268990
0.959380
0.903141
0.304881
0.266413
0.947306
0.882691
0.302023
0.264075
0.947644
0.903436
0.297116
0.259930
0.957977
0.908634
0.306108
0.272691
0.961611
0.936429
0.311766
0.281698
0.962865
0.931901
0.309145
0.272608
0.938189
0.912287
0.298329
0.277562
0.954746
0.911578
0.303564
0.263979
0.934197
0.922209
0.297134
0.269515
0.957581
0.914127
0.295085
0.268152
0.955962
0.910593
0.299837
0.272004
0.953737
0.916403
0.297237
0.261422
0.936629
0.903440
0.296456
0.275411
0.932818
0.912141
0.295933
0.278369
0.949960
0.932774
0.306870
0.272422
0.959578
0.916509
0.294702
0.279243
0.961631
0.927176
0.291710
0.266748
0.959628
0.909039
0.294393
0.262840
0.964339
0.912655
0.302123
0.270304
0.958014
0.923371
0.299238
0.263248
0.942206
0.930105
0.298231
0.275542
1.118185
1.335511
1.652974
0.492841
0.122696
0.089439
1.389624
0.204567
0.543494
0.217774
0.704498
0.006131
3.743197
2.212765
3.000247
0.202973
8.032151
6.371192
1.918982
0.884466
8.159252
2.695301
1.920462
0.486428
2.372897
5.335021
0.111521
1.239263
2.578764
2.047497
0.246986
0.434966
0.542419
0.791754
0.048672
0.230813
0.219251
0.286017
0.050772
0.069736
0.483339
0.501958
0.151562
0.066928
0.488109
0.485736
0.246123
0.085038
0.614892
0.586392
0.274815
0.198530
1.176968
0.933317
0.359030
0.317301
1.278780
1.201894
0.407184
0.526843
1.313964
1.403528
0.436903
0.545901
1.608728
1.687489
0.467022
0.387941
1.370599
1.295487
0.411759
0.241180
1.213907
0.940529
0.317277
0.198862
0.885623
0.652099
0.250368
0.181437
0.767380
0.627137
0.210539
0.202245
0.746669
0.735041
0.279145
0.247522
0.748432
0.838926
0.265122
0.300236
0.838494
0.965056
0.271711
0.337538
0.950247
1.092688
0.353750
0.335511
1.023579
1.025394
0.248476
0.301603
0.921505
0.862727
0.245281
0.262516
0.731002
0.742402
0.216827
0.222983
0.764248
0.693127
0.227614
0.209002
0.872077
0.806125
0.265438
0.236218
0.960945
0.953800
0.312641
0.290431
0.994646
1.026177
0.329270
0.301431
1.057532
1.027990
0.331484
0.304019
1.008316
0.962362
0.307603
0.291164
0.965639
0.898231
0.294450
0.265236
0.931870
0.875138
0.292208
0.243656
0.928600
0.884315
0.284204
0.252424
0.928571
0.901701
0.292517
0.267610
0.950032
0.914260
0.300935
0.271519
0.954136
0.911931
0.296644
0.288429
0.979873
0.956761
0.304731
0.292166
0.971625
0.969980
0.298357
0.285509
0.985557
0.944183
0.305338
0.277894
0.963757
0.908116
0.295035
0.263667
0.940423
0.879582
0.292610
0.252860
0.923365
0.879888
0.290635
0.263678
0.946844
0.912357
0.294249
0.269521
0.944342
0.932046
0.311081
0.276776
0.968587
0.929056
0.303574
0.277002
0.963869
0.906909
0.299100
0.268568
0.955603
0.900748
0.303400
0.268349
0.960783
0.912328
0.290112
0.271377
0.952870
0.911837
0.294835
0.269807
0.961446
0.911580
0.307405
0.266090
0.944994
0.899579
0.289286
0.269269
0.949805
0.901991
0.306168
0.270332
0.961655
0.916175
0.291722
0.270124
0.943118
0.930868
0.305682
0.275355
0.944646
0.918272
0.306279
0.276277
0.938509
0.924064
0.303620
0.264587
0.952832
0.922220
0.294394
0.267403
0.954635
0.919358
0.297033
0.273456
0.931979
0.916493
0.299869
0.271417
0.963817
0.929707
0.299327
0.275055
0.958649
0.922060
0.296874
0.272457
0.946903
0.928789
0.312647
0.274101
0.974269
0.941011
0.356190
0.374598
3.736572
0.484453
0.581755
0.118391
2.901046
0.076631
0.382086
0.018782
1.225689
0.381364
2.471183
0.075777
4.437522
5.350738
1.919775
0.691278
8.040178
3.857306
0.414706
0.574307
1.997988
7.174339
0.049784
3.036494
6.738862
1.613658
0.161063
0.494951
0.237640
2.326553
0.037122
0.306632
0.185621
0.187153
0.055480
0.075344
0.610621
0.539360
0.144771
0.101434
0.768684
0.584731
0.228046
0.112744
0.526634
0.549552
0.245381
0.171125
0.942711
0.817452
0.291937
0.319020
1.203439
1.174630
0.342583
0.504079
1.136997
1.211612
0.405248
0.521660
1.399385
1.513756
0.466578
0.398334
1.398897
1.440192
0.424968
0.283857
1.254877
0.953717
0.346218
0.213540
1.006146
0.707981
0.300898
0.192452
0.867082
0.702311
0.271549
0.218030
0.812536
0.789146
0.259443
0.252931
0.797344
0.829474
0.268611
0.301291
0.898008
0.978896
0.267762
0.323986
0.950416
1.066164
0.291678
0.316535
0.949389
0.973008
0.300875
0.300097
0.873006
0.873923
0.225088
0.267963
0.764173
0.744461
0.214829
0.215472
0.778057
0.703682
0.244672
0.197833
0.891241
0.828472
0.271159
0.245920
0.945208
0.956309
0.312595
0.295910
0.979751
1.023537
0.325504
0.317192
1.028661
1.014485
0.319728
0.311771
1.007506
0.974569
0.306100
0.293508
0.960073
0.921602
0.291620
0.266157
0.935555
0.878332
0.285108
0.256971
0.938798
0.892320
0.298411
0.252900
0.940388
0.907777
0.296463
0.255519
0.954052
0.904645
0.292903
0.270841
0.951705
0.940705
0.302921
0.299444
0.975109
0.953904
0.307686
0.290232
0.979191
0.956212
0.301306
0.278579
0.983624
0.934052
0.294525
0.272522
0.944528
0.899955
0.293244
0.256487
0.916018
0.873790
0.289660
0.256999
0.928188
0.904059
0.293160
0.265909
0.955272
0.933497
0.299880
0.279541
0.952617
0.934004
0.296076
0.279105
0.961922
0.918126
0.297810
0.290238
0.955714
0.914491
0.298780
0.280578
0.932437
0.911865
0.289417
0.267364
0.941366
0.925202
0.298153
0.267604
0.953517
0.932718
0.302906
0.268045
0.954172
0.904631
0.299455
0.270783
0.949221
0.914288
0.292992
0.268773
0.964171
0.923784
0.308437
0.276963
0.964990
0.946753
0.303263
0.275391
0.953750
0.929914
0.297609
0.273637
0.937764
0.921111
0.304823
0.274812
0.968062
0.913905
0.300134
0.276462
0.951103
0.927098
0.302532
0.272848
0.946610
0.907268
0.300098
0.270817
0.959783
0.910957
0.288557
0.270029
0.950674
0.909203
0.388567
0.282487
2.256859
0.783230
0.427268
0.218552
0.908250
0.226131
0.079269
0.039096
0.890448
0.084499
1.862624
0.043334
4.197973
4.070113
3.402647
0.493932
8.097779
4.339200
2.050324
0.600286
2.722919
4.834688
0.173258
3.584696
8.170757
2.742454
0.240876
0.548428
0.383735
4.019246
0.118922
0.292149
0.336479
0.122445
0.064754
0.086044
0.595202
0.488367
0.112257
0.118078
0.937455
0.612103
0.214479
0.103428
0.648640
1.667802
0.236784
0.155657
0.889867
0.617921
0.259067
0.276180
1.268905
0.880747
0.333598
0.422736
0.933959
1.277972
0.309152
0.505335
1.088956
1.278433
0.369789
0.385213
1.334413
1.259832
0.412750
0.282741
1.229468
1.183237
0.353053
0.202355
1.078040
0.795265
0.328650
0.212565
0.905116
0.768611
0.312269
0.232869
0.916590
0.826301
0.308053
0.261308
0.915831
0.870494
0.280310
0.291045
0.879489
0.938360
0.271374
0.311710
0.923830
1.034835
0.277512
0.310147
0.924141
0.964481
0.245608
0.280322
0.755020
0.888884
0.260325
0.246547
0.776709
0.677073
0.284118
0.204434
0.853830
0.754443
0.276967
0.224518
0.886291
0.895190
0.278035
0.270810
0.946666
0.951544
0.299721
0.299087
0.999041
1.033023
0.330518
0.300161
1.042300
1.038016
0.322924
0.296997
1.001911
0.960213
0.300633
0.281029
0.959966
0.902446
0.288523
0.269037
0.907687
0.861119
0.292910
0.253021
0.936222
0.864336
0.282066
0.256683
0.942273
0.911444
0.295842
0.270698
0.975715
0.941960
0.293819
0.282845
0.966779
0.967941
0.308995
0.292775
0.992844
0.966898
0.307551
0.291909
0.975545
0.938156
0.304843
0.283691
0.947626
0.935714
0.281625
0.267161
0.943739
0.895020
0.292232
0.259450
0.907223
0.896037
0.293410
0.268125
0.916924
0.902977
0.295511
0.270749
0.951320
0.918467
0.302387
0.284267
0.958784
0.933684
0.299832
0.284407
0.958927
0.929246
0.295365
0.279881
0.949724
0.935158
0.308957
0.272510
0.961550
0.920319
0.289950
0.273807
0.954871
0.916385
0.290281
0.267941
0.957535
0.907422
0.289223
0.265164
0.934019
0.905119
0.301702
0.271153
0.953434
0.925929
0.304706
0.269490
0.958713
0.917393
0.298854
0.264506
0.951738
0.937135
0.304265
0.283211
0.950434
0.927387
0.304914
0.284483
0.953481
0.916513
0.291533
0.274838
0.953205
0.914004
0.289301
0.270282
0.961652
0.922932
0.308426
0.269186
0.956318
0.917410
0.301408
0.276331
0.955502
0.917725
0.300093
0.269037
0.954532
0.908561
0.293990
0.272085
1.549989
1.640425
1.963727
0.586980
0.320800
0.085775
0.494632
0.237649
0.251638
0.135833
0.872659
0.013360
4.802400
2.377465
3.105110
0.269890
8.005351
5.883689
3.201859
0.833368
7.418092
2.417275
4.856549
0.831009
3.059177
6.071725
0.209314
0.598536
0.396987
1.725417
0.283196
0.488954
0.622578
0.820914
0.020269
0.293506
0.132047
0.363180
0.043860
0.091739
0.775685
0.638764
0.149341
0.051189
0.846978
0.496571
0.262822
0.081168
0.704326
0.759181
0.243955
0.226885
1.091240
0.877091
0.368791
0.365981
1.385241
1.228525
0.448216
0.554011
1.336984
1.473374
0.475133
0.552811
1.368401
1.663881
0.494729
0.346917
1.444172
1.437993
0.421099
0.232319
1.204312
0.949762
0.311340
0.193422
0.909419
0.688334
0.257050
0.200073
0.738386
0.608599
0.217004
0.215981
0.700017
0.679911
0.224320
0.246153
0.743050
0.766151
0.231940
0.278480
0.837137
0.946028
0.269034
0.329921
0.884512
1.072991
0.206342
0.326434
0.966793
0.976283
0.243908
0.261337
0.896481
0.842791
0.320419
0.237138
0.907482
0.817571
0.282770
0.247534
0.839187
0.823279
0.265058
0.249489
0.887939
0.847435
0.274482
0.272391
0.972293
0.986404
0.303146
0.294230
1.013782
1.012701
0.315866
0.294149
1.038918
1.025942
0.316000
0.286016
0.977248
0.958972
0.302153
0.280983
0.942059
0.876645
0.284868
0.255670
0.941690
0.873117
0.295587
0.251657
0.931927
0.873655
0.297697
0.255458
0.954413
0.914236
0.296580
0.278193
0.983003
0.963670
0.304720
0.288157
0.973157
0.961705
0.307235
0.283804
0.989431
0.949290
0.311936
0.277848
0.970850
0.955073
0.294558
0.288755
0.956972
0.924745
0.300008
0.264297
0.948464
0.905365
0.301409
0.264827
0.930680
0.887843
0.290096
0.261798
0.942795
0.905845
0.295928
0.269168
0.938297
0.939399
0.294364
0.283580
0.961197
0.934917
0.300190
0.277352
0.957579
0.932081
0.308753
0.283428
0.948570
0.925460
0.296663
0.268794
0.953430
0.911692
0.297680
0.272917
0.938467
0.902380
0.290857
0.267845
0.936037
0.916560
0.294786
0.273027
0.933622
0.905818
0.292696
0.272893
0.935768
0.899108
0.294019
0.269313
0.955616
0.917176
0.296865
0.275834
0.942019
0.926699
0.302962
0.277821
0.944697
0.926975
0.302273
0.284350
0.946516
0.918782
0.300607
0.281241
0.955308
0.937501
0.292135
0.275028
0.953031
0.935441
0.304034
0.269241
0.945866
0.919680
0.305849
0.278364
0.956121
0.984554
0.548986
0.403398
0.403760
0.144845
1.751605
0.192507
0.539361
0.136241
0.522000
0.012763
1.079726
1.210681
3.061142
0.178528
6.025825
6.030266
3.502131
0.814836
8.019356
2.261305
1.669124
0.642258
0.818473
6.473351
0.164928
1.586054
2.830284
1.940178
0.265590
0.547464
0.551752
2.168617
0.025995
0.347355
0.148393
0.327663
0.052507
0.072292
0.646365
0.659947
0.148387
0.059659
1.010144
0.608824
0.285489
0.088021
0.860675
0.802147
0.242455
0.193057
0.840285
0.826751
0.273666
0.344065
1.198213
0.989920
0.313250
0.538269
1.028447
1.174315
0.312104
0.480927
1.118021
1.373269
0.397303
0.344812
1.312627
1.287280
0.394276
0.227672
1.120946
1.065580
0.299500
0.198521
0.955606
0.726280
0.277123
0.206396
0.881805
0.689036
0.266510
0.237522
0.890861
0.799363
0.278108
0.277502
0.847822
0.883895
0.292713
0.312572
0.892247
1.037996
0.285493
0.337807
1.007893
1.131331
0.304455
0.311176
1.003988
0.988741
0.291202
0.268258
0.837939
0.803750
0.267924
0.234651
0.793398
0.688875
0.252340
0.217195
0.840220
0.782237
0.260568
0.245185
0.901137
0.860947
0.283633
0.269802
0.998701
0.964148
0.307305
0.303782
1.022320
1.046264
0.326111
0.319704
1.006201
1.013831
0.314944
0.301186
0.971359
0.950480
0.299415
0.280678
0.938851
0.869884
0.290060
0.260055
0.910895
0.865911
0.288615
0.251393
0.919937
0.878129
0.301195
0.261689
0.936418
0.928195
0.288252
0.274138
0.972932
0.968764
0.313150
0.280944
0.986897
0.966314
0.306010
0.286771
0.992609
0.942154
0.303793
0.280732
0.990184
0.955419
0.293894
0.277255
0.956727
0.901747
0.289915
0.261860
0.940071
0.896123
0.298549
0.261291
0.930844
0.883083
0.289722
0.255340
0.946222
0.907889
0.295122
0.274322
0.947844
0.928496
0.306025
0.279011
0.957791
0.939888
0.303606
0.285859
0.948682
0.946965
0.291735
0.277322
0.957474
0.930606
0.291445
0.277204
0.957547
0.913525
0.293259
0.261727
0.940560
0.903217
0.291864
0.262557
0.951298
0.942197
0.293941
0.271793
0.948152
0.957725
0.286577
0.271474
0.929366
0.894534
0.304200
0.270193
0.941676
0.896591
0.290821
0.281228
0.956123
0.906766
0.301187
0.271235
0.932277
0.911496
0.296222
0.276014
0.946149
0.918954
0.305792
0.274195
0.959289
0.938301
0.301314
0.277227
0.935330
0.905266
0.295137
0.273204
0.955485
0.924120
0.296657
0.270109
0.949295
0.920450
0.299522
0.272381
0.968781
0.913291
0.299211
0.274547
0.968748
0.926172
