0.762633
0.766307
0.811449
0.812057
0.761096
0.764452
0.812520
0.810926
0.762589
0.762972
0.810749
0.812925
0.763102
0.769835
0.815649
0.814862
0.763557
0.764302
0.814234
0.814543
0.764036
0.764067
0.811335
0.811019
0.766238
0.766033
0.813279
0.813841
0.764614
0.765691
0.811851
0.814664
0.764127
0.763718
0.811844
0.812558
0.762662
0.765606
0.815890
0.812848
0.761962
0.768573
0.814395
0.814161
0.763555
0.766607
0.812267
0.813472
0.764429
0.764117
0.812067
0.813268
0.762806
0.766626
0.815426
0.812667
0.762790
0.764131
0.811993
0.814579
0.763367
0.765122
0.811623
0.811862
0.761760
0.765948
0.814925
0.813816
0.765504
0.767477
0.813828
0.815498
0.762899
0.765718
0.812143
0.813374
0.762750
0.766219
0.814774
0.814414
0.766731
0.765893
0.812738
0.813329
0.765163
0.765841
0.814491
0.812016
0.764204
0.764103
0.813768
0.813898
0.763673
0.762132
0.811479
0.810329
0.763511
0.764255
0.814488
0.809971
0.762233
0.765610
0.812497
0.813072
0.765214
0.769448
0.813886
0.811107
0.761647
0.767194
0.811323
0.814786
0.761999
0.765527
0.814376
0.811952
0.763369
0.768002
0.813439
0.814192
0.763247
0.764211
0.813694
0.814838
0.764805
0.764137
0.812902
0.815980
0.761239
0.767174
0.813759
0.812374
0.763878
0.765562
0.811580
0.813342
0.763557
0.768085
0.813058
0.813687
0.764370
0.764639
0.811697
0.813596
0.763836
0.769414
0.814892
0.814887
0.764743
0.763881
0.812587
0.814495
0.762565
0.763979
0.812534
0.814071
0.761107
0.765842
0.814160
0.811394
0.762513
0.765362
0.812755
0.813899
0.763391
0.765176
0.816118
0.811537
0.762198
0.768637
0.814349
0.812925
0.763407
0.762821
0.813023
0.811962
0.763757
0.764406
0.812597
0.812137
0.763618
0.764324
0.813277
0.811971
0.763540
0.767864
0.816468
0.814531
0.761382
0.767429
0.814839
0.814561
0.764549
0.766389
0.815201
0.811738
0.761949
0.768216
0.816125
0.813335
0.762412
0.766320
0.813541
0.811425
0.763586
0.762493
0.812576
0.813220
0.761121
0.767587
0.812280
0.813213
0.762595
0.767479
0.811850
0.814266
0.763262
0.766623
0.813695
0.811319
0.763192
0.764926
0.813627
0.811860
0.759955
0.767140
0.812594
0.814432
0.762904
0.768729
0.815733
0.813151
0.762206
0.762704
0.811109
0.812602
0.765068
0.765059
0.814147
0.812655
0.763747
0.761805
0.811077
0.812582
0.761909
0.767805
0.815190
0.813519
0.762394
0.766639
0.815737
0.813450
0.759207
0.765853
0.811870
0.814835
0.762378
0.766791
0.812155
0.814760
0.765791
0.768560
0.813835
0.813399
0.760206
0.765749
0.811564
0.810852
0.761344
0.765982
0.813461
0.814829
0.761645
0.763653
0.811812
0.811649
0.761625
0.768212
0.814116
0.814633
0.763094
0.767698
0.814691
0.813369
0.763513
0.763920
0.810681
0.814785
0.761294
0.768542
0.815730
0.811962
0.762232
0.764454
0.811268
0.811812
0.764756
0.765987
0.815135
0.812025
0.764107
0.763333
0.816254
0.810371
0.761570
0.765450
0.811607
0.812585
0.761275
0.766479
0.814495
0.812112
0.763262
0.768275
0.814189
0.810697
0.761010
0.766805
0.814240
0.813585
0.762392
0.764763
0.813587
0.810121
0.762952
0.766319
0.815680
0.809231
0.761396
0.765932
0.811791
0.812990
0.761842
0.763461
0.813922
0.813548
0.759810
0.768625
0.813162
0.811366
0.763442
0.767597
0.810967
0.811369
0.761816
0.767715
0.814296
0.811974
0.762205
0.765331
0.812262
0.810553
0.763618
0.765817
0.812253
0.812851
0.762097
0.764052
0.811803
0.813598
0.761485
0.769237
0.814204
0.813355
0.760078
0.765853
0.813149
0.810425
0.762213
0.766776
0.812379
0.812157
0.762682
0.763581
0.813451
0.814252
0.760877
0.764324
0.813155
0.814233
0.762394
0.766384
0.810843
0.810572
0.761136
0.766511
0.814558
0.812528
0.765088
0.764224
0.811142
0.814434
0.762010
0.766750
0.812181
0.811481
0.760188
0.764764
0.813354
0.811902
0.762816
0.766085
0.815083
0.812226
0.761574
0.766421
0.812004
0.813102
0.763014
0.767498
0.814710
0.812582
0.763230
0.768566
0.813465
0.810482
0.762117
0.767047
0.814116
0.812465
0.763370
0.764865
0.812294
0.811731
0.762780
0.764497
0.810979
0.811835
0.761330
0.766172
0.814022
0.813287
0.762904
0.766086
0.812597
0.811075
0.762127
0.762520
0.811837
0.811259
0.760398
0.765481
0.811704
0.813074
0.764024
0.765489
0.813971
0.811319
0.763840
0.764260
0.813145
0.811378
0.762060
0.762881
0.810667
0.810770
0.761713
0.764503
0.813745
0.814409
0.764996
0.765411
0.811545
0.812555
0.761726
0.763918
0.811963
0.810575
0.761990
0.764489
0.812989
0.812823
0.762610
0.767969
0.813787
0.812800
0.762421
0.762637
0.811784
0.812999
0.761524
0.767869
0.813945
0.813246
0.762959
0.765874
0.815153
0.812828
0.761255
0.766183
0.813694
0.813813
0.761288
0.766585
0.811514
0.813272
0.763705
0.767319
0.814178
0.810221
0.761655
0.766253
0.813868
0.813946
0.762685
0.766947
0.815567
0.814285
0.761514
0.765543
0.812574
0.811527
0.763039
0.767770
0.814543
0.813352
0.761774
0.766467
0.814556
0.811244
0.763204
0.762915
0.811240
0.813710
0.764737
0.765421
0.815650
0.811078
0.761913
0.765123
0.812538
0.811883
0.763138
0.769619
0.816122
0.812911
0.763259
0.763736
0.811055
0.811982
0.762479
0.762686
0.812712
0.812504
0.765114
0.764820
0.814730
0.809334
0.763918
0.765823
0.812922
0.813548
0.764590
0.768610
0.813382
0.811524
0.764310
0.768695
0.815822
0.812836
0.764207
0.766902
0.814696
0.812911
0.764091
0.764055
0.813792
0.810903
0.762562
0.765323
0.814127
0.810572
0.763193
0.767191
0.814043
0.814878
0.763800
0.762962
0.813439
0.814936
0.763197
0.763815
0.811935
0.810850
0.760635
0.765224
0.815922
0.810872
0.764467
0.763801
0.812975
0.814036
0.764342
0.768166
0.812317
0.812762
0.763749
0.768458
0.815044
0.813051
0.763183
0.766486
0.812477
0.814686
0.762752
0.767830
0.815777
0.813740
0.763682
0.766094
0.815808
0.811529
0.764680
0.768858
0.813173
0.813926
0.765280
0.763918
0.811739
0.810335
0.763494
0.762973
0.812593
0.812993
0.763931
0.763885
0.811400
0.812805
0.760477
0.766788
0.811366
0.812239
0.761723
0.767683
0.814128
0.813649
0.762091
0.768445
0.814412
0.812018
0.762848
0.762670
0.811739
0.813296
0.763285
0.765656
0.813464
0.812057
0.760941
0.766266
0.815396
0.811489
0.761693
0.762518
0.811542
0.811674
0.761861
0.767955
0.814225
0.811993
0.762425
0.767326
0.811855
0.811588
0.762209
0.765510
0.814064
0.811259
0.764436
0.767420
0.815297
0.812867
0.762587
0.765143
0.811629
0.812536
0.763199
0.767938
0.815966
0.814341
0.762733
0.765796
0.815710
0.812068
0.765864
0.765823
0.813835
0.812843
0.763337
0.762200
0.810830
0.813604
0.763910
0.765922
0.814843
0.812798
0.763451
0.767163
0.814920
0.813451
0.761774
0.762740
0.813145
0.809901
0.763149
0.766266
0.813053
0.812596
0.761901
0.763616
0.812785
0.810720
0.762509
0.765288
0.815456
0.810030
0.762345
0.765412
0.813145
0.811078
0.762247
0.766936
0.815927
0.813898
0.762351
0.768983
0.815297
0.811472
0.763158
0.766014
0.812748
0.813589
0.762486
0.768763
0.815239
0.812268
0.763856
0.764773
0.811405
0.814612
0.762857
0.762890
0.812237
0.812934
0.761181
0.763441
0.810902
0.811319
0.762618
0.762183
0.810847
0.809951
0.760184
0.764516
0.810958
0.813887
0.761772
0.767413
0.815636
0.813918
0.763855
0.765469
0.810789
0.810931
0.762637
0.766373
0.814691
0.813686
0.761453
0.766121
0.814063
0.812404
0.763555
0.767409
0.813741
0.813213
0.764944
0.765543
0.813957
0.810255
0.762372
0.764445
0.810624
0.812488
0.761607
0.769606
0.813279
0.811568
0.762456
0.765214
0.811582
0.811319
0.760446
0.768509
0.814388
0.811715
0.761122
0.766596
0.813844
0.811366
0.762331
0.763569
0.812615
0.812671
0.762000
0.763314
0.813905
0.812953
0.761345
0.767455
0.814823
0.811431
0.763827
0.765059
0.816331
0.809081
0.762867
0.762810
0.811739
0.811184
0.761175
0.767354
0.814651
0.811591
0.762640
0.765397
0.813897
0.811570
0.764603
0.766762
0.814839
0.812678
0.761871
0.769338
0.815885
0.812090
0.762296
0.768695
0.815681
0.813498
0.762758
0.766224
0.814147
0.812031
0.761132
0.765391
0.812604
0.812893
0.761091
0.762589
0.812093
0.811497
0.762445
0.764715
0.814539
0.812510
0.763242
0.766916
0.813276
0.811281
0.759558
0.765874
0.813918
0.809582
0.760088
0.766519
0.812340
0.813412
0.761582
0.763633
0.812859
0.810981
0.759086
0.766467
0.815861
0.809132
0.763925
0.764915
0.810970
0.813500
0.760663
0.766116
0.811771
0.814040
0.762513
0.764408
0.812343
0.809927
0.760558
0.768202
0.812487
0.814387
0.761227
0.765342
0.813482
0.811019
0.761263
0.765785
0.814548
0.814091
0.761249
0.763653
0.812597
0.811192
0.762810
0.767826
0.815397
0.812845
0.763064
0.764495
0.814588
0.812813
0.762095
0.767520
0.815190
0.810969
0.761590
0.763313
0.810862
0.810837
0.759900
0.764821
0.812701
0.813439
0.761910
0.766021
0.811906
0.811339
0.761720
0.766732
0.812679
0.811319
0.761781
0.767059
0.814781
0.811975
0.761671
0.767398
0.813446
0.813059
0.760316
0.765193
0.814240
0.813439
0.760044
0.766152
0.813269
0.811754
0.761009
0.767399
0.814152
0.812872
0.762458
0.767110
0.813987
0.811431
0.763379
0.766535
0.814768
0.812995
0.762009
0.763534
0.812638
0.810784
0.760789
0.765936
0.812813
0.810376
0.762876
0.762671
0.811028
0.811734
0.761663
0.765414
0.813938
0.813217
0.765248
0.766895
0.815286
0.810229
0.761823
0.768575
0.814846
0.813401
0.762356
0.764119
0.811944
0.811094
0.763587
0.766710
0.814952
0.812761
0.763399
0.766300
0.813877
0.813816
0.764671
0.766232
0.813510
0.811007
0.763876
0.765549
0.813696
0.813570
0.762791
0.766219
0.814905
0.813124
0.760971
0.764826
0.813795
0.812160
0.761186
0.766445
0.813302
0.811906
0.765228
0.766436
0.812165
0.813908
0.758765
0.766013
0.815489
0.810675
0.761778
0.766023
0.813579
0.811685
0.762272
0.762423
0.811812
0.812706
0.764737
0.766670
0.812410
0.814307
0.764396
0.765240
0.811605
0.813457
0.763131
0.764832
0.815240
0.813724
0.761757
0.765109
0.812789
0.812324
0.761596
0.766501
0.812298
0.812016
0.763124
0.766443
0.814210
0.811469
0.763525
0.766425
0.813673
0.811494
0.761591
0.767217
0.811412
0.814633
0.760411
0.768456
0.815179
0.812462
0.765795
0.765955
0.812149
0.812756
0.763060
0.766239
0.812539
0.812901
0.761832
0.763799
0.812285
0.812606
0.764373
0.767511
0.813075
0.814038
0.760603
0.765902
0.813044
0.813377
0.762963
0.766183
0.812195
0.812536
0.762778
0.767210
0.813990
0.812919
0.762906
0.769114
0.814692
0.813666
0.762271
0.767412
0.815153
0.814081
0.764204
0.766822
0.815190
0.811611
0.760718
0.766239
0.812330
0.811585
0.761910
0.764269
0.812660
0.813986
0.763003
0.765015
0.813734
0.811824
0.762559
0.766100
0.813026
0.814199
0.764825
0.764407
0.814339
0.812896
0.763361
0.767278
0.812118
0.812362
0.763456
0.768305
0.815494
0.811957
0.763001
0.763333
0.812433
0.813441
0.762422
0.766300
0.814452
0.812960
0.764409
0.764653
0.813240
0.814528
0.763415
0.765040
0.814728
0.812227
0.762461
0.764821
0.811520
0.813742
0.762190
0.766776
0.813599
0.812556
0.762257
0.762959
0.811701
0.812368
0.763700
0.763276
0.812773
0.813224
0.761876
0.763880
0.813479
0.814192
0.761909
0.764754
0.812840
0.813204
0.763297
0.764878
0.814776
0.810373
0.763911
0.768170
0.814080
0.813382
0.762433
0.766789
0.812536
0.814097
0.762688
0.764862
0.815239
0.812784
0.762692
0.765349
0.813987
0.810931
0.762633
0.768163
0.814629
0.812130
0.763193
0.765635
0.815910
0.810722
0.761337
0.768999
0.814979
0.812828
0.764144
0.764647
0.813063
0.810501
0.761735
0.767534
0.814862
0.812218
0.760577
0.766770
0.816111
0.811442
0.762471
0.763513
0.813039
0.811297
0.761749
0.768158
0.814751
0.812121
0.762535
0.768441
0.813291
0.812997
0.762388
0.762999
0.812392
0.812293
0.761782
0.764201
0.811878
0.812162
0.762007
0.763384
0.810659
0.811918
0.759264
0.765079
0.813424
0.811462
0.762302
0.766874
0.813800
0.813542
0.761160
0.767384
0.813875
0.812068
0.763167
0.766245
0.815207
0.810376
0.761760
0.767653
0.815296
0.813158
0.761729
0.765983
0.811538
0.814192
0.761527
0.768324
0.814977
0.812615
0.761620
0.765627
0.810954
0.814389
0.763167
0.763600
0.812164
0.810837
0.763311
0.766606
0.811893
0.813626
0.762921
0.765473
0.813945
0.813526
0.763079
0.765058
0.813080
0.813546
0.762615
0.767082
0.813051
0.812707
0.764672
0.764418
0.815383
0.812382
0.762684
0.765823
0.813899
0.811853
0.762891
0.765951
0.811588
0.812237
0.761897
0.767316
0.813309
0.811993
0.763840
0.763766
0.812360
0.812468
0.763784
0.765683
0.811257
0.813327
0.763679
0.765018
0.812433
0.811713
0.763840
0.765599
0.815109
0.810251
0.761358
0.768578
0.813633
0.814139
0.762050
0.763300
0.811620
0.813470
0.761547
0.763871
0.814397
0.811416
0.763253
0.766005
0.814950
0.810329
0.762659
0.763523
0.813341
0.811718
0.760984
0.766125
0.812871
0.810783
0.762539
0.768002
0.814196
0.811613
0.760506
0.766419
0.810861
0.814933
0.762292
0.764395
0.812176
0.811910
0.758458
0.765611
0.812442
0.811290
0.760683
0.765778
0.813025
0.811736
0.763046
0.765554
0.811959
0.811524
0.762623
0.768613
0.814462
0.812324
0.762299
0.767898
0.812091
0.814882
0.762650
0.765004
0.811707
0.812594
0.763667
0.765884
0.810928
0.813156
0.761353
0.763510
0.810105
0.812338
0.761996
0.763332
0.812544
0.811161
0.766147
0.764778
0.814768
0.811566
0.762462
0.764048
0.811640
0.812894
0.762967
0.765715
0.813778
0.814864
0.764024
0.766019
0.813856
0.812712
0.763439
0.764944
0.812483
0.812513
0.761492
0.766452
0.812233
0.812866
0.762219
0.764874
0.812665
0.814184
0.762154
0.767312
0.812973
0.811539
0.763301
0.762911
0.810314
0.812562
0.765018
0.764502
0.811353
0.814245
0.764335
0.767954
0.814698
0.814712
0.762615
0.764805
0.812157
0.813265
0.762810
0.768201
0.814816
0.814878
0.763433
0.789318
0.814029
0.822155
0.768843
0.865187
0.812346
0.857042
0.778932
0.954626
0.817635
0.923308
0.779719
0.897713
0.823271
0.991159
0.762548
0.787928
0.836741
0.990063
0.764817
0.674597
0.844755
0.967176
0.765775
0.611553
0.932739
1.023969
0.766412
0.694087
0.941399
1.066210
0.759052
0.587043
0.974530
1.079811
0.761477
0.737171
1.000226
0.900626
0.769859
0.681187
1.024813
0.785045
0.794816
0.647967
1.013080
0.731438
0.702293
0.659569
0.972836
0.691780
0.743742
0.562404
0.918669
0.708233
0.728186
0.580595
0.864728
0.760211
0.725996
0.577335
0.798307
0.783847
0.717903
0.678705
0.773408
0.731126
0.672910
0.730831
0.767006
0.752800
0.660835
0.761066
0.731636
0.779687
0.676003
0.817085
0.710920
0.805713
0.663814
0.851584
0.701545
0.822276
0.667439
0.878706
0.699436
0.838474
0.704554
0.893431
0.695174
0.861486
0.730829
0.894422
0.693223
0.882762
0.780483
0.924127
0.696101
0.834273
0.794825
0.919899
0.699718
0.838309
0.779879
0.902722
0.711609
0.894907
0.786164
0.881824
0.713018
0.860110
0.805775
0.872787
0.755736
0.802554
0.829038
0.876974
0.785490
0.772420
0.797670
0.861264
0.827883
0.797176
0.767449
0.834055
0.797846
0.807905
0.781335
0.810351
0.797003
0.812073
0.786924
0.801337
0.810299
0.807041
0.757742
0.814036
0.820125
0.799868
0.758234
0.818504
0.809641
0.803700
0.766595
0.785138
0.823932
0.776523
0.776306
0.768679
0.826847
0.773516
0.785417
0.783458
0.826685
0.760853
0.781658
0.743381
0.827733
0.781338
0.789518
0.732558
0.818871
0.803436
0.780733
0.752591
0.805806
0.799111
0.789495
0.733112
0.805106
0.795227
0.781330
0.758375
0.799311
0.798373
0.771646
0.754138
0.794216
0.795137
0.764684
0.745445
0.793590
0.786723
0.764834
0.765802
0.794799
0.792973
0.762078
0.765700
0.785748
0.843111
0.750603
0.770755
0.785951
0.825378
0.756019
0.807068
0.787912
0.807710
0.749353
0.808993
0.783475
0.806951
0.746304
0.812084
0.785363
0.810876
0.754095
0.828229
0.787569
0.811675
0.754105
0.795035
0.785205
0.811915
0.755728
0.783191
0.792241
0.811629
0.759566
0.788400
0.793313
0.827161
0.757228
0.786454
0.796928
0.836603
0.756223
0.780508
0.797087
0.813701
0.760059
0.777128
0.800405
0.809285
0.760757
0.776069
0.807670
0.808397
0.758313
0.776781
0.807326
0.811754
0.755609
0.768223
0.810776
0.814216
0.755166
0.765380
0.812239
0.807700
0.758780
0.760337
0.813635
0.819247
0.754900
0.762242
0.810008
0.794007
0.754299
0.763110
0.811884
0.806861
0.756613
0.760314
0.811283
0.799756
0.755902
0.757697
0.812361
0.806067
0.757029
0.760048
0.811986
0.810175
0.756431
0.758849
0.813409
0.799066
0.754705
0.751279
0.816749
0.800773
0.753675
0.755594
0.817824
0.811114
0.751836
0.745953
0.816891
0.794254
0.753059
0.744304
0.819441
0.812434
0.752549
0.743695
0.823415
0.800153
0.753105
0.740985
0.825179
0.810085
0.752174
0.737905
0.823389
0.799957
0.752844
0.737340
0.826896
0.807547
0.752034
0.734486
0.828584
0.809005
0.756249
0.735848
0.832499
0.809195
0.756499
0.731959
0.831559
0.811728
0.756593
0.735223
0.835287
0.806775
0.753027
0.733566
0.869253
0.812010
0.752483
0.731056
0.859525
0.809453
0.753873
0.731715
0.834000
0.811294
0.753572
0.734305
0.848986
0.811849
0.754659
0.733242
0.834162
0.815444
0.754193
0.733739
0.830289
0.813264
0.753614
0.731812
0.830738
0.813858
0.752122
0.729215
0.832389
0.813334
0.752453
0.733857
0.843461
0.810243
0.750782
0.734514
0.836823
0.812644
0.751321
0.733106
0.841920
0.812605
0.752453
0.735322
0.835613
0.813058
0.754552
0.735790
0.838683
0.813964
0.756046
0.734354
0.837186
0.814924
0.756543
0.739426
0.835151
0.818172
0.762823
0.739676
0.837184
0.815920
0.763000
0.738336
0.836130
0.816044
0.765498
0.738731
0.839101
0.814173
0.763197
0.741041
0.837535
0.815743
0.764056
0.739984
0.835926
0.817240
0.763936
0.743240
0.835146
0.817600
0.763430
0.745409
0.832907
0.818129
0.767454
0.746572
0.834766
0.817496
0.764117
0.747890
0.832417
0.820027
0.765350
0.749193
0.830859
0.820246
0.768039
0.749866
0.833316
0.817192
0.768133
0.748448
0.834256
0.816101
0.765634
0.751159
0.828448
0.818289
0.765848
0.752913
0.829974
0.817486
0.766057
0.755916
0.829429
0.816445
0.768344
0.756227
0.825986
0.817241
0.767056
0.758023
0.822150
0.819105
0.769102
0.758484
0.822705
0.819595
0.768318
0.758473
0.820727
0.818038
0.767592
0.758815
0.820660
0.815394
0.770605
0.762969
0.819596
0.817901
0.769745
0.762031
0.817449
0.817734
0.771766
0.761813
0.814913
0.818207
0.771587
0.763380
0.815652
0.815625
0.770349
0.763139
0.812586
0.815828
0.772360
0.763871
0.810174
0.815129
0.770802
0.767181
0.810533
0.816984
0.769442
0.769988
0.809269
0.815257
0.770978
0.767192
0.807531
0.813829
0.770464
0.773123
0.807143
0.815115
0.772957
0.772752
0.809310
0.814498
0.769785
0.773792
0.807633
0.812911
0.771576
0.772044
0.805692
0.812326
0.771451
0.773836
0.802330
0.811285
0.771479
0.771972
0.800804
0.810896
0.769858
0.775739
0.803116
0.810115
0.771268
0.774481
0.799535
0.810252
0.770873
0.774980
0.797766
0.809160
0.769571
0.779173
0.798194
0.809887
0.767645
0.779923
0.794270
0.808966
0.772105
0.778015
0.792277
0.807682
0.769607
0.780085
0.792654
0.808570
0.768518
0.777630
0.789230
0.808452
0.767391
0.780719
0.788687
0.803886
0.767999
0.781670
0.789945
0.807352
0.769446
0.781632
0.791522
0.804637
0.765717
0.785333
0.792731
0.805614
0.767652
0.786422
0.786387
0.805139
0.766170
0.784304
0.786697
0.806522
0.766462
0.785565
0.791379
0.805022
0.762090
0.783736
0.787580
0.804211
0.762413
0.784920
0.788360
0.803826
0.762051
0.782145
0.789325
0.802813
0.763206
0.782069
0.786078
0.803754
0.761837
0.783718
0.789084
0.802621
0.763534
0.785664
0.788927
0.803906
0.762239
0.782355
0.786783
0.802550
0.760949
0.783120
0.789258
0.802233
0.759274
0.781740
0.787730
0.803067
0.761308
0.778995
0.789903
0.802305
0.761146
0.777548
0.786864
0.802259
0.762306
0.780650
0.788898
0.801318
0.756467
0.780057
0.793378
0.801027
0.758583
0.781359
0.794636
0.802907
0.757957
0.775418
0.796092
0.803514
0.760584
0.776450
0.796669
0.801257
0.753332
0.776081
0.796549
0.802890
0.755590
0.772793
0.794612
0.803329
0.753840
0.772355
0.798708
0.803680
0.755539
0.770762
0.796091
0.802297
0.756549
0.773292
0.798399
0.804865
0.757371
0.772061
0.799502
0.803452
0.752292
0.769066
0.803173
0.804088
0.753784
0.766792
0.805106
0.804521
0.753474
0.768360
0.804395
0.802206
0.752818
0.765603
0.806014
0.802948
0.753426
0.764573
0.809464
0.803338
0.753420
0.766761
0.805203
0.804314
0.752991
0.762191
0.809158
0.806341
0.749856
0.765600
0.811074
0.804818
0.750952
0.760295
0.810056
0.805509
0.747922
0.761403
0.810500
0.804606
0.750567
0.759527
0.811111
0.804803
0.750433
0.756848
0.811761
0.804703
0.751815
0.758446
0.813581
0.805347
0.751913
0.756441
0.818296
0.806635
0.751668
0.753915
0.818800
0.803810
0.752202
0.755270
0.817134
0.804278
0.749667
0.753770
0.818171
0.804968
0.749403
0.754288
0.819667
0.807683
0.748559
0.751790
0.817885
0.807680
0.749834
0.749924
0.819972
0.808579
0.747918
0.750475
0.820391
0.808502
0.751326
0.750678
0.823663
0.806282
0.749999
0.749752
0.820922
0.809373
0.751231
0.748764
0.822274
0.809508
0.751638
0.749159
0.828315
0.808002
0.753067
0.747703
0.825802
0.809274
0.753141
0.748347
0.825106
0.807431
0.752208
0.746060
0.827300
0.808770
0.753056
0.745178
0.825864
0.808222
0.755309
0.744703
0.827881
0.809831
0.754405
0.743012
0.826368
0.809415
0.753411
0.746289
0.828804
0.810520
0.757834
0.744578
0.826924
0.810688
0.757154
0.739109
0.826181
0.813685
0.757475
0.746745
0.827746
0.814280
0.756956
0.745906
0.829991
0.813889
0.757604
0.742584
0.829934
0.811871
0.759023
0.745063
0.831001
0.811843
0.757987
0.741448
0.828195
0.812746
0.758720
0.745333
0.827724
0.812988
0.760655
0.742155
0.826923
0.813959
0.760461
0.749373
0.830882
0.813192
0.761581
0.748325
0.830305
0.813384
0.763421
0.745416
0.828638
0.814897
0.762648
0.742899
0.824253
0.814270
0.764803
0.748034
0.828569
0.812527
0.766186
0.747776
0.823486
0.815404
0.767404
0.749746
0.824392
0.815306
0.765297
0.749487
0.824772
0.816072
0.768375
0.751133
0.822759
0.814243
0.765967
0.750969
0.823428
0.816048
0.769388
0.744949
0.825342
0.815329
0.769911
0.748295
0.823034
0.817140
0.770831
0.753622
0.823051
0.815317
0.772663
0.753066
0.824362
0.814709
0.774406
0.752849
0.823732
0.815289
0.780432
0.873456
0.812613
0.813920
0.803717
1.034657
0.809334
0.920821
0.821520
1.025105
0.827846
0.991553
0.814849
0.731174
0.833377
0.999148
0.782440
0.730011
0.877143
0.917480
0.765841
0.726508
0.915792
1.062818
0.736879
0.614815
0.978796
1.100455
0.720122
0.808013
1.043592
1.059469
0.766471
0.660762
1.201658
0.903182
0.803768
0.735594
1.340366
0.845910
0.684892
0.653966
1.223286
0.771570
0.768381
0.510905
1.013219
0.734090
0.582292
0.564696
0.907489
0.750206
0.499810
0.516716
0.846268
0.802831
0.538384
0.592437
0.797765
0.843626
0.682732
0.653381
0.747819
0.768019
0.671035
0.794014
0.706265
0.768789
0.651293
0.790582
0.706849
0.814045
0.669050
0.806390
0.692121
0.761167
0.704131
0.844126
0.672306
0.796356
0.698962
0.837134
0.675064
0.853916
0.717682
0.884677
0.693913
0.840214
0.779687
0.913418
0.706056
0.821097
0.832639
0.902357
0.706325
0.834057
0.836008
0.918328
0.704977
0.786720
0.851186
0.901215
0.671516
0.778159
0.861766
0.905352
0.665091
0.816431
0.799566
0.901820
0.636362
0.838468
0.797131
0.899718
0.673871
0.836474
0.846961
0.892089
0.730873
0.940581
0.864443
0.868294
0.771082
0.900629
0.823322
0.857807
0.835482
0.867132
0.795288
0.844082
0.812191
0.840354
0.783219
0.833796
0.777276
0.824385
0.797802
0.848821
0.779488
0.831367
0.771937
0.865414
0.764979
0.830762
0.748776
0.862014
0.779384
0.820486
0.755726
0.851242
0.783916
0.812990
0.776767
0.834447
0.801400
0.823358
0.806814
0.811068
0.804512
0.818493
0.833250
0.793505
0.807013
0.805805
0.855592
0.781357
0.801283
0.812138
0.852028
0.766093
0.796410
0.792895
0.837391
0.723675
0.791010
0.797658
0.836747
0.780670
0.788904
0.793194
0.826874
0.741704
0.790343
0.834894
0.817884
0.762817
0.785356
0.787030
0.836896
0.779756
0.784214
0.775018
0.817596
0.766986
0.788533
0.788463
0.825482
0.783777
0.787662
0.783034
0.815982
0.799524
0.784408
0.779948
0.792500
0.781931
0.776961
0.787412
0.805334
0.800714
0.777420
0.785050
0.787049
0.815179
0.783299
0.798862
0.785652
0.806964
0.783464
0.802141
0.790341
0.807389
0.786568
0.798114
0.784797
0.808219
0.792732
0.804558
0.787700
0.798178
0.793380
0.805591
0.786233
0.788091
0.797628
0.842638
0.789819
0.783483
0.796523
0.802456
0.791855
0.783344
0.797252
0.844864
0.786444
0.783066
0.801124
0.828202
0.787718
0.780623
0.798029
0.816252
0.783220
0.772855
0.798624
0.809722
0.781867
0.780801
0.808939
0.810784
0.783882
0.772248
0.810916
0.814093
0.784038
0.756396
0.813910
0.812882
0.783075
0.762212
0.819178
0.807709
0.782851
0.756100
0.822068
0.806516
0.783445
0.755187
0.824995
0.835505
0.780543
0.746953
0.823709
0.798414
0.779221
0.749130
0.821753
0.811553
0.775418
0.747683
0.820250
0.804406
0.770320
0.745026
0.820234
0.800104
0.765802
0.736777
0.824534
0.808660
0.762009
0.731579
0.826735
0.808436
0.767922
0.738368
0.829938
0.795894
0.782797
0.737591
0.829566
0.803449
0.759105
0.722955
0.836746
0.797317
0.756221
0.716378
0.830210
0.803073
0.765415
0.718230
0.833055
0.806965
0.757673
0.712144
0.832633
0.785440
0.749765
0.709867
0.827747
0.791236
0.758137
0.705420
0.832104
0.797803
0.765944
0.696743
0.829889
0.797264
0.765693
0.692123
0.832022
0.802449
0.762664
0.696390
0.837147
0.806755
0.756344
0.697299
0.842032
0.800839
0.746869
0.702190
0.899325
0.809128
0.744859
0.701598
0.876072
0.806261
0.749212
0.702479
0.858095
0.804863
0.753283
0.701343
0.865890
0.811466
0.755640
0.699986
0.862414
0.811288
0.757707
0.698938
0.872124
0.813135
0.763689
0.702773
0.856996
0.811356
0.764962
0.703262
0.850960
0.810005
0.765647
0.711150
0.858321
0.812681
0.766710
0.715249
0.854694
0.814110
0.766573
0.710915
0.854707
0.815127
0.765823
0.709958
0.857197
0.818188
0.767859
0.713432
0.856651
0.818488
0.771223
0.716465
0.855761
0.816717
0.774821
0.718760
0.853306
0.818164
0.774060
0.723600
0.851770
0.815797
0.778574
0.725089
0.849957
0.818458
0.780921
0.727749
0.848547
0.820153
0.784114
0.727247
0.848582
0.820605
0.784666
0.731667
0.847336
0.821794
0.784816
0.729757
0.844708
0.821546
0.786249
0.731441
0.842547
0.824826
0.788860
0.738494
0.843463
0.821071
0.788367
0.740752
0.842537
0.822018
0.786177
0.742230
0.839127
0.822137
0.790406
0.747228
0.842737
0.824944
0.791899
0.746824
0.836883
0.822975
0.792397
0.748801
0.838306
0.825984
0.795788
0.749138
0.834617
0.824361
0.795040
0.754695
0.834345
0.824143
0.797031
0.757360
0.832585
0.824245
0.796359
0.757465
0.830112
0.825444
0.797477
0.760447
0.830011
0.824097
0.799963
0.758551
0.828936
0.823541
0.799613
0.756325
0.825476
0.822221
0.799919
0.761461
0.825734
0.821662
0.799577
0.764280
0.823447
0.822265
0.802141
0.764056
0.820246
0.821816
0.799372
0.768012
0.814374
0.821385
0.801997
0.767999
0.814895
0.820504
0.803456
0.771998
0.813083
0.819721
0.801853
0.774551
0.811697
0.818008
0.801267
0.774208
0.808286
0.817382
0.799146
0.776090
0.809564
0.818397
0.801351
0.778506
0.806116
0.815082
0.805043
0.780114
0.804298
0.815736
0.805632
0.780861
0.802550
0.816185
0.807404
0.784138
0.801108
0.815547
0.808652
0.780118
0.798143
0.815629
0.806519
0.782191
0.793472
0.812854
0.806465
0.783816
0.795761
0.822383
0.803609
0.785222
0.794088
0.809304
0.800984
0.784304
0.790909
0.815316
0.804780
0.787730
0.791161
0.807570
0.801358
0.791564
0.790556
0.814969
0.798790
0.791567
0.786181
0.816402
0.800329
0.789807
0.784731
0.820599
0.788920
0.791074
0.781486
0.814616
0.802403
0.790459
0.781433
0.812023
0.808917
0.792013
0.785327
0.811297
0.798657
0.799810
0.782379
0.809686
0.797019
0.799301
0.782574
0.804640
0.795663
0.791523
0.776455
0.804921
0.792068
0.793353
0.778955
0.803476
0.793905
0.795291
0.780467
0.804303
0.788938
0.791069
0.776179
0.806765
0.788463
0.791921
0.779450
0.803997
0.790357
0.789849
0.780492
0.803658
0.791593
0.791377
0.780032
0.802152
0.792758
0.793297
0.779637
0.803342
0.791994
0.792785
0.778232
0.802240
0.794116
0.787337
0.777683
0.803294
0.794539
0.789965
0.780114
0.805466
0.793626
0.791543
0.779913
0.805076
0.793125
0.788221
0.784556
0.801842
0.792513
0.787023
0.781104
0.803636
0.789852
0.785770
0.783434
0.803006
0.788153
0.788206
0.782609
0.804030
0.786440
0.782159
0.787534
0.801923
0.785336
0.780111
0.788884
0.800962
0.783885
0.782539
0.789746
0.801374
0.783158
0.779388
0.793505
0.801032
0.783477
0.774527
0.790154
0.803562
0.781908
0.775307
0.790398
0.803990
0.779778
0.775641
0.797612
0.804031
0.779138
0.774193
0.797567
0.800087
0.776644
0.772189
0.799813
0.801109
0.777044
0.772255
0.801465
0.805049
0.776370
0.768260
0.803860
0.801485
0.775300
0.767073
0.802814
0.803490
0.774975
0.765732
0.803469
0.802111
0.777034
0.760071
0.805992
0.802942
0.776558
0.762414
0.807665
0.801948
0.771666
0.761262
0.810061
0.800952
0.770010
0.759344
0.811210
0.802810
0.766470
0.757753
0.809763
0.803264
0.770971
0.754910
0.813825
0.801727
0.768329
0.754264
0.811929
0.804287
0.772269
0.750670
0.817119
0.804162
0.772731
0.750451
0.817095
0.801951
0.768614
0.750328
0.815443
0.805396
0.769645
0.747451
0.817860
0.803562
0.768559
0.746088
0.820003
0.802813
0.772490
0.744281
0.821577
0.804545
0.770344
0.741539
0.820198
0.805980
0.772839
0.741443
0.821838
0.805416
0.769831
0.743244
0.826197
0.806306
0.768132
0.737180
0.825342
0.803190
0.766213
0.736751
0.825982
0.805254
0.768996
0.738357
0.832782
0.805216
0.763584
0.739688
0.838195
0.806198
0.761162
0.737484
0.833294
0.807666
0.760309
0.734229
0.837588
0.806292
0.762951
0.735525
0.836508
0.805305
0.764871
0.731982
0.834838
0.805696
0.769472
0.732583
0.837023
0.809100
0.767605
0.732324
0.837188
0.808214
0.763197
0.731506
0.838082
0.809434
0.757761
0.732979
0.837678
0.809012
0.756966
0.735314
0.836755
0.810494
0.755464
0.734125
0.837010
0.809091
0.758872
0.731641
0.839243
0.809049
0.756325
0.731676
0.839111
0.810451
0.760261
0.731812
0.838953
0.812001
0.765510
0.733787
0.838423
0.811516
0.765909
0.735839
0.838383
0.811223
0.766627
0.734725
0.837325
0.811945
0.766269
0.730864
0.835439
0.810929
0.766288
0.732370
0.835996
0.811271
0.767103
0.734048
0.838841
0.812200
0.766213
0.734466
0.836367
0.815128
0.769386
0.737480
0.836546
0.815746
0.768625
0.740837
0.836521
0.816321
0.790810
0.851138
0.822857
0.828650
0.816927
1.081255
0.814594
0.931215
0.848114
1.092054
0.826872
1.090613
0.839356
0.961874
0.869531
1.056399
0.788359
0.738639
0.864388
0.928006
0.709820
0.710605
0.873683
0.975194
0.670742
0.649112
0.904672
0.755149
0.693200
0.589354
0.962990
0.630177
0.687937
0.744872
1.124000
0.785337
0.746129
0.605293
1.128509
0.821045
0.717527
0.590945
1.124519
0.821207
0.695329
0.548602
0.942487
0.774916
0.741652
0.610044
0.853810
0.719831
0.740083
0.624990
0.806832
0.786442
0.751738
0.676719
0.799142
0.812559
0.748798
0.700053
0.780058
0.802644
0.714120
0.742283
0.755532
0.814233
0.707107
0.744353
0.739735
0.758462
0.709707
0.732862
0.751226
0.792489
0.694213
0.755871
0.765331
0.807658
0.699964
0.768955
0.780115
0.751536
0.708940
0.783785
0.772543
0.789189
0.764450
0.827811
0.762187
0.789334
0.789843
0.859154
0.750540
0.807931
0.833056
0.854472
0.732093
0.814683
0.870226
0.828993
0.712300
0.891865
0.849548
0.833566
0.688237
0.912125
0.843027
0.826319
0.684164
0.924920
0.870670
0.826040
0.717890
0.959028
0.842072
0.827123
0.753277
0.936976
0.832065
0.818514
0.786243
0.927254
0.828803
0.811915
0.774079
0.905699
0.844872
0.811303
0.789321
0.882905
0.804274
0.808719
0.817940
0.863578
0.811961
0.806187
0.798413
0.798280
0.800135
0.782529
0.801500
0.775438
0.786128
0.762396
0.813155
0.781573
0.780547
0.761125
0.814571
0.785543
0.797907
0.734101
0.814801
0.796996
0.816839
0.739175
0.812948
0.785284
0.819869
0.749791
0.796165
0.815188
0.816341
0.754964
0.788108
0.847840
0.816655
0.760475
0.788902
0.791910
0.810208
0.763912
0.779165
0.776181
0.806058
0.761333
0.777999
0.776555
0.787916
0.760827
0.778083
0.797009
0.755744
0.762323
0.775731
0.778576
0.758907
0.761309
0.771897
0.798705
0.769406
0.770552
0.779528
0.808281
0.777261
0.775532
0.779391
0.795483
0.779077
0.779660
0.779579
0.803546
0.790072
0.777991
0.775169
0.811105
0.796652
0.773855
0.779457
0.804977
0.806332
0.769623
0.783413
0.794897
0.807823
0.768670
0.785798
0.873137
0.813140
0.770673
0.786522
0.844293
0.820754
0.772819
0.785748
0.816915
0.816511
0.766438
0.788964
0.816718
0.811974
0.761809
0.789745
0.836504
0.814852
0.764467
0.794538
0.831745
0.820393
0.758273
0.797309
0.826421
0.818188
0.764838
0.801172
0.819661
0.820675
0.757703
0.799812
0.816593
0.814620
0.754972
0.801299
0.808771
0.821044
0.752030
0.803852
0.809556
0.818242
0.751506
0.802193
0.813435
0.813403
0.749863
0.808249
0.815358
0.810778
0.749723
0.808909
0.818246
0.807587
0.743806
0.809818
0.814728
0.800061
0.746228
0.812632
0.814165
0.794753
0.740402
0.808932
0.809265
0.793747
0.734918
0.813470
0.805343
0.791937
0.736927
0.813851
0.809308
0.789250
0.730082
0.815367
0.808364
0.793986
0.726782
0.820660
0.804842
0.785373
0.723992
0.818794
0.813967
0.784760
0.716915
0.821211
0.798852
0.778113
0.720083
0.822390
0.804202
0.768047
0.711556
0.822959
0.804758
0.745130
0.708251
0.824919
0.811796
0.740188
0.712866
0.821993
0.789586
0.730629
0.713853
0.824584
0.822029
0.757225
0.712568
0.825330
0.794056
0.773177
0.709528
0.827986
0.801427
0.770211
0.700864
0.826831
0.800728
0.771295
0.699876
0.832402
0.802218
0.774268
0.697582
0.831695
0.801545
0.771971
0.694267
0.821776
0.796651
0.770381
0.695906
0.852765
0.805766
0.766045
0.695071
0.831553
0.789438
0.766664
0.692645
0.830696
0.790061
0.763458
0.697390
0.857613
0.789896
0.763654
0.694654
0.825457
0.790994
0.761945
0.696700
0.834711
0.796664
0.758395
0.698721
0.852515
0.802296
0.756221
0.699581
0.824377
0.799489
0.755788
0.696484
0.831075
0.796645
0.757173
0.697846
0.855213
0.797977
0.756114
0.700139
0.836092
0.798872
0.755495
0.696970
0.826669
0.798487
0.752424
0.702688
0.841424
0.795759
0.752063
0.701117
0.837371
0.801255
0.747882
0.701821
0.838235
0.800347
0.752265
0.704199
0.834672
0.798039
0.750252
0.705683
0.830131
0.800426
0.753387
0.708340
0.833419
0.801684
0.745429
0.710985
0.836317
0.802804
0.746677
0.712543
0.833064
0.803087
0.749590
0.715637
0.833289
0.801084
0.749886
0.716182
0.835283
0.801019
0.745095
0.714884
0.829952
0.805039
0.754621
0.715753
0.828687
0.805640
0.754586
0.715780
0.829105
0.803713
0.764083
0.719678
0.831842
0.803402
0.764135
0.726135
0.829039
0.806301
0.763348
0.726374
0.828700
0.807078
0.771129
0.727109
0.827269
0.803866
0.771928
0.730105
0.823199
0.808890
0.774549
0.730630
0.824782
0.806856
0.775182
0.732183
0.824689
0.807350
0.779209
0.730746
0.820136
0.808327
0.780500
0.735471
0.819844
0.807193
0.783496
0.739010
0.814638
0.808425
0.786020
0.737824
0.816897
0.807342
0.783822
0.739424
0.815286
0.807195
0.785710
0.741166
0.811589
0.810043
0.787287
0.743144
0.810380
0.808462
0.789831
0.744556
0.809850
0.808743
0.790144
0.745075
0.808390
0.806309
0.792246
0.747628
0.807541
0.808509
0.793516
0.749326
0.805468
0.810486
0.796345
0.744801
0.802684
0.811030
0.796292
0.748358
0.800954
0.810768
0.799972
0.749155
0.797926
0.809055
0.801463
0.751408
0.797072
0.811187
0.803335
0.752261
0.797250
0.807287
0.806406
0.753209
0.797074
0.807999
0.807141
0.753769
0.799443
0.807802
0.810924
0.756969
0.795801
0.811097
0.810246
0.753055
0.795229
0.811198
0.810107
0.754149
0.792696
0.807723
0.813171
0.757439
0.792123
0.808251
0.811280
0.758377
0.792454
0.816247
0.813385
0.757153
0.790858
0.815683
0.813246
0.756741
0.788005
0.808051
0.813442
0.760930
0.792497
0.809867
0.812605
0.759832
0.789767
0.810958
0.813928
0.760485
0.790132
0.814441
0.818931
0.759713
0.787732
0.812922
0.814441
0.761450
0.790718
0.814836
0.817435
0.759500
0.787600
0.815287
0.817165
0.762178
0.788872
0.813567
0.816884
0.758603
0.786871
0.813059
0.817827
0.760193
0.788973
0.813488
0.816205
0.761050
0.786814
0.813830
0.816705
0.761274
0.788904
0.811221
0.818008
0.761512
0.789017
0.814447
0.818724
0.758665
0.790114
0.812387
0.817153
0.759499
0.790248
0.814129
0.817951
0.757344
0.788829
0.815165
0.818204
0.756979
0.791646
0.813891
0.818247
0.757882
0.791664
0.815713
0.817783
0.758411
0.790286
0.812647
0.818742
0.758218
0.794898
0.815529
0.820310
0.755399
0.795283
0.813603
0.820651
0.754534
0.794022
0.813740
0.819524
0.753382
0.794949
0.816554
0.818218
0.750111
0.792758
0.814985
0.818975
0.753954
0.798278
0.816463
0.818291
0.752401
0.799501
0.815906
0.818062
0.748747
0.797243
0.815411
0.816016
0.748076
0.798478
0.816055
0.817552
0.748025
0.801984
0.812558
0.815587
0.747406
0.799443
0.815066
0.814621
0.746950
0.804990
0.815449
0.813228
0.743196
0.803102
0.817038
0.812975
0.742263
0.804243
0.815784
0.811045
0.742661
0.803996
0.814464
0.810714
0.742595
0.807571
0.815367
0.808699
0.740339
0.808249
0.815814
0.808254
0.740214
0.809100
0.811949
0.808734
0.738082
0.807912
0.813582
0.807523
0.734772
0.808511
0.812771
0.805938
0.737408
0.810481
0.814002
0.804405
0.734340
0.812713
0.813644
0.803721
0.732922
0.812103
0.813390
0.802493
0.734958
0.811624
0.814254
0.800938
0.733450
0.815330
0.813305
0.797455
0.732793
0.815942
0.810431
0.798043
0.733116
0.814919
0.813226
0.797262
0.729065
0.815635
0.810893
0.797448
0.727549
0.815533
0.811240
0.795585
0.727873
0.818039
0.813221
0.794227
0.727634
0.819485
0.809650
0.792890
0.727264
0.819361
0.810641
0.792868
0.723262
0.820892
0.811186
0.789492
0.726499
0.821419
0.809451
0.790118
0.724263
0.823077
0.807170
0.787911
0.721509
0.820233
0.809304
0.786947
0.721046
0.820829
0.806874
0.786426
0.721106
0.822112
0.806454
0.783177
0.722365
0.825910
0.804699
0.785315
0.720436
0.825180
0.805610
0.783849
0.721587
0.823691
0.805642
0.783726
0.721335
0.822689
0.807699
0.779153
0.721767
0.822194
0.805773
0.779558
0.723817
0.822985
0.807453
0.778291
0.722474
0.826169
0.803492
0.780081
0.721354
0.826689
0.804203
0.780069
0.720516
0.822928
0.806152
0.777844
0.720813
0.822789
0.804661
0.778999
0.722080
0.821962
0.804631
0.780649
0.721595
0.821760
0.805654
0.781981
0.741990
0.819558
0.795494
0.782652
0.922157
0.813730
0.782736
0.806667
1.071867
0.825406
0.958378
0.820351
0.948225
0.843801
1.027610
0.779133
0.793948
0.905607
0.949767
0.735144
0.727174
0.899446
0.956666
0.738108
0.632966
0.927775
0.952375
0.729273
0.627948
0.938140
0.838140
0.735960
0.610084
1.029139
0.732329
0.727994
0.598203
1.111039
0.733092
0.641549
0.652587
1.135906
0.718033
0.659701
0.542689
0.997383
0.746736
0.666934
0.531432
0.918660
0.766987
0.696792
0.566045
0.855146
0.726606
0.798070
0.592041
0.823200
0.806428
0.712992
0.733445
0.765477
0.805802
0.742893
0.702220
0.763905
0.784029
0.712798
0.740694
0.723549
0.780615
0.676139
0.674996
0.726643
0.842298
0.697403
0.768857
0.685592
0.809341
0.693294
0.733607
0.699217
0.823094
0.653335
0.770028
0.699936
0.899276
0.688211
0.788901
0.738702
0.896130
0.710309
0.778509
0.730970
0.884524
0.772358
0.803253
0.721955
0.854169
0.803960
0.842813
0.692078
0.906043
0.828407
0.830755
0.670695
0.897943
0.853846
0.888413
0.624070
0.890713
0.864913
0.889664
0.642148
0.875401
0.864407
0.859806
0.705126
0.832533
0.856166
0.873353
0.764937
0.848311
0.832583
0.855441
0.821461
0.821922
0.780303
0.818678
0.797545
0.818888
0.753815
0.803541
0.796629
0.810125
0.790216
0.792434
0.789581
0.825693
0.761646
0.783218
0.784472
0.806744
0.697160
0.779624
0.807372
0.818613
0.733284
0.765606
0.814767
0.799886
0.669209
0.756981
0.820621
0.795359
0.821831
0.762146
0.830200
0.803380
0.791773
0.742557
0.827204
0.803967
0.861901
0.747441
0.810582
0.813395
0.899933
0.730327
0.794589
0.784970
0.865880
0.734084
0.784819
0.826243
0.887482
0.737004
0.776022
0.806436
0.857935
0.738764
0.769734
0.785696
0.833296
0.749681
0.773404
0.799655
0.845091
0.756805
0.785168
0.784796
0.706570
0.758443
0.787752
0.783268
0.798827
0.758258
0.782321
0.802977
0.840610
0.761171
0.777917
0.793543
0.855784
0.771694
0.772685
0.795343
0.788479
0.766401
0.772813
0.805648
0.808999
0.771141
0.774448
0.800149
0.765824
0.764226
0.776977
0.805785
0.802175
0.766065
0.780000
0.818063
0.806776
0.764957
0.786306
0.863137
0.790980
0.764489
0.785485
0.824117
0.803903
0.757421
0.786945
0.800650
0.820356
0.748991
0.792460
0.832192
0.818136
0.746413
0.788314
0.824769
0.820945
0.749329
0.793734
0.828037
0.822534
0.748301
0.799494
0.829835
0.826506
0.746006
0.800938
0.828256
0.818395
0.750739
0.805542
0.827828
0.824694
0.734417
0.804718
0.826166
0.823134
0.736119
0.808640
0.827222
0.811569
0.726004
0.808787
0.821948
0.812087
0.729020
0.806630
0.815477
0.803994
0.729132
0.810912
0.814910
0.802143
0.734578
0.811102
0.809052
0.798192
0.725977
0.814818
0.811040
0.799283
0.724874
0.818974
0.810953
0.800938
0.720041
0.818998
0.814259
0.801423
0.715645
0.818814
0.813817
0.798490
0.701069
0.824404
0.811864
0.791861
0.705114
0.823800
0.809554
0.792834
0.702003
0.825016
0.799750
0.791787
0.693525
0.825910
0.813261
0.805685
0.702827
0.824242
0.803312
0.783038
0.694107
0.831467
0.794939
0.785112
0.680497
0.819301
0.807570
0.781857
0.689642
0.822968
0.798804
0.787833
0.688331
0.826114
0.798242
0.776589
0.673123
0.819338
0.803464
0.778488
0.673538
0.829217
0.800102
0.774874
0.671657
0.829870
0.802206
0.776782
0.669001
0.826804
0.800437
0.781965
0.666338
0.835420
0.802817
0.774859
0.667386
0.848990
0.803740
0.775480
0.670910
0.821136
0.803964
0.774204
0.671338
0.833337
0.801659
0.773288
0.673431
0.858712
0.804619
0.774780
0.673103
0.865035
0.803348
0.772695
0.671014
0.850215
0.799579
0.767437
0.675898
0.845787
0.806421
0.768175
0.672208
0.859264
0.804113
0.769573
0.674862
0.841093
0.810849
0.769592
0.672985
0.840284
0.802550
0.769199
0.677204
0.851069
0.808383
0.768769
0.675283
0.849103
0.805865
0.765054
0.675849
0.847476
0.805019
0.770994
0.678079
0.848221
0.812193
0.772323
0.675975
0.842903
0.804048
0.772075
0.675502
0.844095
0.806944
0.772885
0.677633
0.841517
0.806956
0.769487
0.684157
0.840929
0.806298
0.773204
0.683610
0.841810
0.806708
0.771323
0.684986
0.840490
0.811176
0.773683
0.689710
0.838012
0.811852
0.772527
0.693199
0.834357
0.811763
0.774439
0.696678
0.836156
0.813519
0.775904
0.693551
0.833547
0.812148
0.780184
0.699292
0.831051
0.812724
0.780717
0.699653
0.831419
0.814000
0.783630
0.702400
0.831102
0.812652
0.782256
0.701817
0.826780
0.811985
0.784127
0.706961
0.826948
0.812461
0.785958
0.709670
0.829579
0.812743
0.786647
0.709830
0.826084
0.811438
0.785031
0.712101
0.822741
0.810680
0.786481
0.711446
0.823938
0.810907
0.788284
0.711216
0.818227
0.810905
0.788840
0.712049
0.820083
0.811628
0.789232
0.713140
0.817523
0.811844
0.788033
0.716753
0.816553
0.810706
0.790406
0.719087
0.815447
0.812026
0.792247
0.716674
0.811962
0.808082
0.787880
0.721371
0.808711
0.809682
0.788867
0.722511
0.806355
0.808207
0.791565
0.721738
0.803592
0.809861
0.792337
0.724875
0.801772
0.809444
0.792448
0.727500
0.798877
0.810881
0.792800
0.731613
0.798304
0.811762
0.794171
0.729484
0.792590
0.808949
0.794611
0.731909
0.792365
0.808386
0.796703
0.733929
0.793795
0.808029
0.797206
0.734963
0.788831
0.807355
0.800531
0.737091
0.785711
0.807524
0.799389
0.740140
0.787483
0.805837
0.803176
0.740711
0.785447
0.805587
0.805057
0.742622
0.786254
0.806266
0.803821
0.739991
0.788739
0.812145
0.807869
0.743012
0.791487
0.810066
0.797072
0.744421
0.792531
0.799271
0.800109
0.742358
0.781146
0.807974
0.813844
0.742388
0.786920
0.805405
0.809285
0.743532
0.784588
0.812978
0.800171
0.741778
0.786283
0.802927
0.800940
0.741181
0.784907
0.791150
0.804022
0.743509
0.784833
0.797752
0.802902
0.744991
0.782080
0.809716
0.799163
0.745481
0.779886
0.819735
0.796712
0.742621
0.779861
0.806824
0.796071
0.742699
0.784468
0.808792
0.793816
0.741266
0.785960
0.801942
0.796464
0.745517
0.781371
0.799348
0.794174
0.747043
0.781586
0.799002
0.793872
0.743017
0.779379
0.810561
0.796545
0.746859
0.783601
0.807586
0.796579
0.746326
0.782863
0.809686
0.796459
0.741169
0.782355
0.808017
0.796960
0.743812
0.782974
0.808160
0.797538
0.736749
0.785275
0.817402
0.794499
0.741397
0.789423
0.809403
0.793025
0.738043
0.792153
0.801555
0.794720
0.738727
0.794653
0.805264
0.797396
0.737245
0.791550
0.802833
0.796216
0.733578
0.792510
0.813848
0.799871
0.731701
0.793640
0.814772
0.800027
0.729611
0.795751
0.816368
0.801826
0.729600
0.798228
0.808629
0.800263
0.727632
0.801981
0.806869
0.800997
0.728719
0.801223
0.806180
0.800260
0.724077
0.801309
0.808881
0.799451
0.725451
0.804353
0.807732
0.800662
0.723031
0.803003
0.814798
0.800194
0.719553
0.804184
0.813696
0.797773
0.722106
0.807110
0.813595
0.799749
0.723219
0.808981
0.810997
0.799682
0.720042
0.807761
0.809657
0.800746
0.715780
0.811428
0.809738
0.798313
0.713483
0.809278
0.810916
0.799253
0.713347
0.810042
0.813223
0.799077
0.709242
0.812730
0.816546
0.799734
0.712069
0.813390
0.814466
0.799356
0.709881
0.813930
0.814931
0.800704
0.712699
0.816900
0.812724
0.800884
0.710755
0.818098
0.815898
0.799474
0.707363
0.817290
0.813940
0.797776
0.709923
0.822387
0.813594
0.797970
0.706701
0.820031
0.813647
0.798375
0.708215
0.823343
0.815131
0.797757
0.700674
0.821671
0.814197
0.796881
0.701714
0.821170
0.814178
0.797423
0.702286
0.822594
0.814153
0.798626
0.700646
0.829764
0.813770
0.796950
0.700018
0.824016
0.814152
0.798677
0.697561
0.826292
0.813542
0.800043
0.695867
0.827469
0.814247
0.797892
0.695519
0.829451
0.813675
0.797741
0.695038
0.825688
0.815062
0.796401
0.696414
0.829264
0.815222
0.795794
0.693680
0.833356
0.816025
0.800654
0.693091
0.833540
0.816025
0.794215
0.695906
0.834138
0.813252
0.796698
0.694730
0.834678
0.815113
0.798617
0.696219
0.836815
0.813881
0.795244
0.695165
0.834540
0.815702
0.795570
0.692790
0.833027
0.812307
0.795867
0.693901
0.837233
0.812378
0.796211
0.695046
0.835887
0.813023
0.794153
0.693084
0.832966
0.812930
0.795244
0.696412
0.835829
0.812090
0.794452
0.697485
0.833786
0.813407
0.794415
0.694422
0.832015
0.812146
0.794621
0.692816
0.828686
0.812296
0.793100
0.693843
0.827634
0.813139
0.793272
0.696807
0.829562
0.811418
0.793456
0.695790
0.830575
0.811052
0.792788
0.698266
0.826811
0.810768
0.794062
0.696079
0.824831
0.811175
0.791375
0.696927
0.824374
0.811358
0.792692
0.698151
0.823256
0.809337
0.789741
0.699438
0.822989
0.809065
0.791928
0.701559
0.822135
0.811399
0.791880
0.699700
0.819073
0.808315
0.791946
0.699884
0.821847
0.808280
0.790929
0.700369
0.818541
0.806630
0.790727
0.703627
0.816857
0.806532
0.789733
0.706279
0.818544
0.807272
0.788857
0.703385
0.814130
0.805980
0.788955
0.718873
0.814678
0.804524
0.796400
0.818732
0.808083
0.827874
0.818111
0.850599
0.821442
0.902351
0.801972
0.765269
0.832752
0.958532
0.784805
0.664492
0.819968
0.911441
0.780658
0.650868
0.830009
0.886024
0.787558
0.629727
0.865830
0.963795
0.801940
0.622407
0.914429
0.957515
0.801842
0.670484
0.972600
0.885742
0.794601
0.618619
1.015759
0.826881
0.793110
0.686900
1.032345
0.821302
0.803692
0.609895
1.004743
0.766304
0.786057
0.561557
0.941567
0.692445
0.720992
0.559805
0.883336
0.685147
0.760267
0.574431
0.805307
0.798547
0.708968
0.619453
0.758886
0.784368
0.729927
0.639921
0.726326
0.729128
0.729139
0.787746
0.708086
0.774273
0.680908
0.671022
0.683398
0.793715
0.703724
0.782987
0.591272
0.860979
0.715851
0.711888
0.689781
0.834405
0.741746
0.715659
0.680072
0.805364
0.763903
0.761669
0.724622
0.841116
0.770263
0.739526
0.691939
0.849815
0.785764
0.811464
0.686073
0.819588
0.817666
0.846968
0.689297
0.836947
0.824314
0.854086
0.688742
0.865421
0.843249
0.884131
0.716370
0.891021
0.865125
0.862126
0.739177
0.884786
0.869866
0.824368
0.758855
0.875905
0.851740
0.802586
0.761106
0.863980
0.843632
0.789245
0.779105
0.831623
0.805607
0.778624
0.777569
0.828947
0.842903
0.786258
0.768410
0.814744
0.785895
0.796098
0.777101
0.802524
0.830573
0.794496
0.777594
0.812895
0.785296
0.783958
0.791471
0.808183
0.772933
0.769812
0.802157
0.797327
0.777243
0.748892
0.803481
0.795295
0.782998
0.742249
0.803915
0.835448
0.797768
0.731389
0.803500
0.757124
0.800320
0.764374
0.798447
0.817853
0.822720
0.734130
0.794643
0.800374
0.839148
0.703641
0.796609
0.786406
0.817770
0.716076
0.796264
0.816768
0.810547
0.734368
0.792899
0.770725
0.824352
0.736136
0.789962
0.782113
0.824158
0.728871
0.788100
0.793999
0.815614
0.731907
0.789226
0.771529
0.787197
0.732861
0.787434
0.785461
0.771450
0.728063
0.785229
0.793104
0.800564
0.761628
0.756658
0.786932
0.824163
0.747692
0.769209
0.795107
0.791343
0.752633
0.778129
0.804755
0.797530
0.757229
0.778889
0.802494
0.788271
0.759122
0.781064
0.818179
0.787101
0.753363
0.786039
0.825454
0.792410
0.743387
0.787051
0.812156
0.793506
0.740446
0.791835
0.793530
0.795475
0.731637
0.796386
0.838886
0.798178
0.730350
0.795258
0.809904
0.796374
0.732600
0.799347
0.790396
0.794947
0.730865
0.799457
0.816886
0.796124
0.731644
0.802681
0.816841
0.796555
0.732324
0.806235
0.804335
0.797048
0.728387
0.808753
0.806705
0.796969
0.729148
0.809297
0.813539
0.795033
0.715714
0.807806
0.810132
0.794986
0.713605
0.807706
0.810917
0.795967
0.704931
0.808457
0.804215
0.794655
0.707539
0.808738
0.801374
0.790214
0.706729
0.812062
0.806230
0.791040
0.706089
0.809492
0.789050
0.790671
0.704522
0.807953
0.809976
0.790265
0.706098
0.809725
0.808494
0.785197
0.700789
0.808157
0.792333
0.785962
0.698620
0.813329
0.799940
0.791095
0.694953
0.811816
0.798490
0.789460
0.692469
0.812483
0.799506
0.790612
0.682281
0.818502
0.799492
0.791523
0.685592
0.822678
0.802573
0.791658
0.682386
0.825259
0.801342
0.793513
0.678294
0.829775
0.803188
0.792305
0.669872
0.848318
0.800733
0.791097
0.674042
0.903395
0.801865
0.793742
0.667456
0.831713
0.802219
0.796630
0.669829
0.845639
0.803591
0.792965
0.667201
0.853736
0.802861
0.798768
0.670005
0.845756
0.803821
0.796115
0.665023
0.835306
0.805924
0.797713
0.667801
0.846099
0.807009
0.798798
0.671960
0.844554
0.808390
0.796786
0.670740
0.845083
0.809063
0.796982
0.675863
0.847018
0.807513
0.793053
0.673677
0.844827
0.805768
0.791812
0.672960
0.845536
0.808950
0.796841
0.672245
0.843435
0.809966
0.797677
0.672116
0.844609
0.811468
0.798241
0.676641
0.844342
0.814553
0.801821
0.681679
0.843151
0.814129
0.803151
0.681012
0.839762
0.813167
0.805419
0.682824
0.839734
0.812057
0.806511
0.682961
0.839913
0.814525
0.809660
0.681146
0.841175
0.814247
0.810224
0.684204
0.841281
0.816484
0.810079
0.687899
0.840186
0.817855
0.813472
0.688057
0.836649
0.817726
0.813991
0.692295
0.835033
0.817021
0.813900
0.693204
0.833973
0.817815
0.815325
0.696262
0.837650
0.816732
0.814929
0.698775
0.834685
0.817692
0.814211
0.701812
0.833980
0.818631
0.816507
0.700887
0.832071
0.820825
0.816345
0.701243
0.833455
0.820316
0.818828
0.705039
0.832826
0.820767
0.816780
0.704121
0.829284
0.819919
0.817135
0.702555
0.828277
0.819346
0.817069
0.706233
0.827984
0.819794
0.816094
0.710290
0.828216
0.822199
0.816159
0.707606
0.824730
0.821133
0.816845
0.708341
0.823549
0.819824
0.815658
0.710928
0.820401
0.818743
0.814331
0.712527
0.818765
0.818888
0.816116
0.716901
0.817445
0.819792
0.815311
0.716598
0.816845
0.818766
0.815842
0.717330
0.812875
0.818827
0.814821
0.723790
0.815454
0.817600
0.813592
0.722179
0.811269
0.818217
0.813590
0.723227
0.810151
0.816285
0.812226
0.724049
0.809005
0.816499
0.813976
0.724344
0.806550
0.815682
0.815543
0.723412
0.802955
0.814288
0.814171
0.724222
0.803553
0.813490
0.812236
0.729585
0.798343
0.811686
0.812654
0.730118
0.799087
0.809973
0.812735
0.732313
0.793706
0.809119
0.812507
0.731050
0.796372
0.809166
0.812195
0.732330
0.793785
0.809211
0.810775
0.734849
0.791105
0.809085
0.813707
0.737214
0.792739
0.806818
0.812428
0.738050
0.787683
0.805943
0.809406
0.738662
0.788319
0.804209
0.809682
0.733620
0.782400
0.804170
0.806600
0.736926
0.783284
0.802107
0.792054
0.740949
0.783231
0.801715
0.800752
0.741560
0.783429
0.801076
0.812303
0.741514
0.780823
0.799433
0.806122
0.740607
0.777580
0.799404
0.797127
0.739315
0.780472
0.797339
0.798382
0.739773
0.779515
0.798439
0.802189
0.741600
0.779086
0.798164
0.796511
0.735232
0.776230
0.796614
0.798292
0.738466
0.778049
0.794580
0.797794
0.739251
0.777567
0.794368
0.794811
0.735873
0.776682
0.794864
0.792138
0.739273
0.775373
0.793574
0.792026
0.738754
0.777205
0.794242
0.790867
0.734940
0.778806
0.792248
0.789367
0.747501
0.780989
0.791934
0.788308
0.737604
0.782963
0.793214
0.788049
0.736630
0.783710
0.793466
0.787828
0.742253
0.783540
0.792861
0.787387
0.736290
0.785671
0.789954
0.786345
0.738134
0.782160
0.790823
0.784870
0.734112
0.783911
0.791266
0.785080
0.732676
0.780484
0.793161
0.784221
0.731446
0.780198
0.791646
0.781784
0.734913
0.784463
0.793264
0.781901
0.730056
0.781054
0.793984
0.780735
0.732269
0.782134
0.794528
0.780497
0.731263
0.783232
0.789752
0.781940
0.726637
0.782774
0.794648
0.780652
0.727156
0.785032
0.790963
0.780540
0.725173
0.783818
0.799317
0.780339
0.727553
0.788187
0.789458
0.779400
0.724555
0.786251
0.792514
0.779487
0.721202
0.791193
0.794309
0.781476
0.721739
0.793494
0.790384
0.779583
0.720788
0.792602
0.793940
0.778966
0.721614
0.793141
0.796893
0.780560
0.720221
0.795063
0.798009
0.779710
0.719613
0.798714
0.793686
0.780045
0.718502
0.800616
0.797904
0.780174
0.716344
0.802178
0.796641
0.780537
0.715085
0.803230
0.792247
0.780796
0.716522
0.805206
0.798432
0.780514
0.715865
0.805307
0.796154
0.780719
0.711864
0.807061
0.796355
0.781844
0.711670
0.806807
0.798728
0.782484
0.710110
0.809434
0.799489
0.782323
0.714303
0.812712
0.802031
0.782592
0.712455
0.816743
0.802488
0.783701
0.708932
0.815981
0.802965
0.784632
0.708278
0.824139
0.804333
0.784201
0.709385
0.817830
0.803527
0.784016
0.708155
0.820613
0.802716
0.784789
0.703481
0.822968
0.802543
0.785729
0.704939
0.824945
0.803680
0.788149
0.704565
0.824059
0.804375
0.790437
0.703778
0.817413
0.805125
0.790876
0.703369
0.821014
0.805968
0.791375
0.701068
0.824687
0.803491
0.793205
0.702305
0.824297
0.804408
0.793295
0.702152
0.821703
0.806731
0.793999
0.698906
0.822468
0.802703
0.794497
0.700514
0.822275
0.804993
0.796871
0.699406
0.824175
0.805265
0.794779
0.698320
0.824006
0.804549
0.796117
0.699421
0.822455
0.808472
0.800234
0.699562
0.825155
0.806233
0.800346
0.698905
0.825323
0.805318
0.798996
0.700209
0.825085
0.807723
0.802249
0.696192
0.823890
0.808272
0.802169
0.698023
0.822007
0.808809
0.803687
0.698022
0.823962
0.809108
0.802003
0.698779
0.826238
0.811239
0.803822
0.698533
0.822849
0.811238
0.805732
0.700090
0.825290
0.810649
0.805295
0.699699
0.823881
0.811732
0.808613
0.698966
0.826864
0.809999
0.809264
0.699873
0.821169
0.809261
0.811090
0.701233
0.822387
0.810294
0.810379
0.699880
0.821759
0.811566
0.810122
0.700587
0.821172
0.812435
0.809458
0.703198
0.821130
0.811306
0.810002
0.703455
0.818016
0.813355
0.810483
0.705041
0.814898
0.812136
0.812704
0.702959
0.814155
0.811862
0.812406
0.704556
0.814336
0.810491
0.811290
0.707492
0.812701
0.810042
0.813258
0.705815
0.813329
0.807880
0.812349
0.710118
0.811002
0.805543
0.814404
0.738702
0.804636
0.826001
0.818074
0.725993
0.811548
0.882664
0.820798
0.725723
0.814191
0.944887
0.830769
0.739084
0.816907
0.968459
0.829796
0.739449
0.823740
0.966858
0.837683
0.712037
0.892928
0.990542
0.839144
0.667319
0.945532
0.946502
0.814516
0.575536
1.002298
0.994575
0.814835
0.668209
1.209140
0.918315
0.829109
0.646969
1.190987
0.700327
0.791298
0.539303
1.145396
0.694107
0.811440
0.502573
1.118274
0.780417
0.781771
0.488630
1.024563
0.759383
0.840566
0.540823
0.813987
0.864722
0.921550
0.611737
0.751067
0.831042
0.816162
0.682598
0.681227
0.750463
0.802813
0.757534
0.670720
0.754874
0.811175
0.777639
0.696557
0.716740
0.746933
0.758418
0.667395
0.729719
0.793237
0.744673
0.713352
0.743509
0.805558
0.744002
0.754270
0.763578
0.768278
0.775616
0.721995
0.764316
0.808252
0.799086
0.762776
0.783785
0.770847
0.826830
0.808149
0.818349
0.748320
0.861230
0.680718
0.814195
0.818618
0.856013
0.766964
0.828992
0.865626
0.849065
0.707026
0.827942
0.817910
0.842058
0.697391
0.904759
0.860730
0.823530
0.751243
0.836213
0.862031
0.798976
0.773085
0.863313
0.852805
0.777751
0.806926
0.873231
0.835011
0.753393
0.805437
0.826163
0.789772
0.753694
0.794098
0.812139
0.778325
0.753940
0.796078
0.806052
0.770929
0.766431
0.779612
0.806260
0.735561
0.797758
0.776309
0.797319
0.759071
0.807570
0.792727
0.798335
0.762985
0.787334
0.785575
0.788377
0.766091
0.757672
0.791119
0.798403
0.764880
0.736866
0.806578
0.885868
0.764987
0.732928
0.807010
0.761223
0.775148
0.765187
0.805013
0.814107
0.782674
0.731279
0.799783
0.829846
0.784915
0.752828
0.787767
0.774814
0.795861
0.762411
0.786521
0.786622
0.804111
0.751352
0.785786
0.787645
0.804821
0.739813
0.777677
0.773270
0.798192
0.740964
0.781195
0.784716
0.792971
0.737194
0.780813
0.785324
0.791283
0.744245
0.785627
0.785754
0.783025
0.745759
0.787466
0.780213
0.778754
0.750871
0.788819
0.794716
0.769986
0.753401
0.782807
0.786568
0.766090
0.755105
0.788436
0.784603
0.770075
0.746936
0.783086
0.792954
0.777193
0.746633
0.778068
0.790178
0.775102
0.742741
0.758860
0.787427
0.767055
0.742594
0.797070
0.795608
0.764854
0.740870
0.750992
0.802574
0.760094
0.739936
0.791248
0.797676
0.761432
0.732379
0.803762
0.793203
0.760047
0.729933
0.771160
0.792157
0.756145
0.732524
0.803236
0.793751
0.755814
0.725030
0.801834
0.796941
0.758533
0.724983
0.779787
0.794074
0.759754
0.724663
0.808293
0.801818
0.760077
0.717815
0.801861
0.795708
0.764141
0.718415
0.788528
0.795011
0.768445
0.710139
0.805245
0.795082
0.771815
0.716989
0.800664
0.798562
0.773634
0.711305
0.794828
0.791528
0.772788
0.709900
0.811785
0.794240
0.767163
0.707394
0.804915
0.791310
0.766567
0.705948
0.808644
0.789926
0.767297
0.700268
0.823569
0.793295
0.760394
0.695133
0.815243
0.789919
0.758999
0.694407
0.817362
0.800654
0.761495
0.687345
0.829748
0.789384
0.764681
0.690901
0.824249
0.796266
0.763238
0.686588
0.814282
0.798560
0.765973
0.682013
0.861722
0.791600
0.767681
0.678123
0.852884
0.800495
0.771447
0.676398
0.793515
0.798542
0.771956
0.674762
0.821140
0.799755
0.772407
0.675281
0.842629
0.800363
0.772359
0.674928
0.828769
0.805354
0.778002
0.679314
0.857172
0.803133
0.780342
0.678202
0.840165
0.802852
0.783894
0.679263
0.833559
0.806480
0.783016
0.675804
0.843326
0.808186
0.780691
0.676642
0.841542
0.806488
0.783049
0.675249
0.845717
0.809936
0.779955
0.677609
0.847995
0.807535
0.780001
0.679880
0.840482
0.808692
0.778691
0.680571
0.846087
0.807247
0.782121
0.679177
0.839289
0.811534
0.785661
0.678398
0.839100
0.811617
0.789127
0.676535
0.846960
0.814372
0.793028
0.680156
0.841285
0.815883
0.795567
0.683617
0.843535
0.815669
0.796688
0.686987
0.845871
0.816319
0.795988
0.685242
0.844076
0.817657
0.799914
0.688544
0.843837
0.818010
0.805047
0.687721
0.847535
0.817353
0.805820
0.692031
0.840702
0.818327
0.807315
0.690739
0.844235
0.818880
0.809800
0.691994
0.842724
0.819162
0.810005
0.694285
0.838369
0.820961
0.808798
0.696178
0.840085
0.820405
0.806570
0.699912
0.834502
0.821832
0.813060
0.701566
0.833713
0.823932
0.820090
0.701054
0.833787
0.824844
0.819843
0.706338
0.834345
0.825113
0.821771
0.702682
0.830522
0.824831
0.826195
0.706878
0.830047
0.825622
0.826492
0.709646
0.831248
0.823238
0.826138
0.711211
0.830464
0.826659
0.826371
0.708923
0.827582
0.826460
0.827006
0.711275
0.825956
0.826412
0.826257
0.709324
0.823879
0.825871
0.825741
0.710481
0.824255
0.825732
0.830762
0.716722
0.826109
0.827074
0.828524
0.717325
0.821343
0.825416
0.828299
0.718443
0.820535
0.826123
0.829657
0.715718
0.818143
0.824210
0.828091
0.721408
0.815345
0.824016
0.824431
0.722681
0.814460
0.825674
0.825878
0.723777
0.815212
0.823613
0.824896
0.722758
0.810479
0.823403
0.824643
0.724148
0.809144
0.823260
0.825495
0.722992
0.807904
0.821444
0.827176
0.723690
0.807554
0.819799
0.826798
0.725869
0.805597
0.819950
0.824782
0.726700
0.805472
0.820176
0.825844
0.726851
0.802674
0.820074
0.822730
0.728846
0.803025
0.817867
0.823083
0.729231
0.801629
0.818420
0.820816
0.733567
0.799742
0.815696
0.822129
0.728241
0.800246
0.815124
0.817827
0.726441
0.797012
0.811745
0.817897
0.727105
0.794436
0.814058
0.816074
0.732939
0.797257
0.814420
0.813244
0.731772
0.788691
0.813946
0.813534
0.736592
0.794065
0.812340
0.813040
0.738382
0.789003
0.811070
0.814612
0.742443
0.791109
0.811037
0.813510
0.741287
0.787210
0.808574
0.808157
0.739795
0.782976
0.806897
0.809385
0.737470
0.785906
0.804411
0.806663
0.735986
0.780423
0.805062
0.806409
0.739464
0.780079
0.805001
0.805855
0.738625
0.782030
0.802821
0.800372
0.738193
0.778748
0.802345
0.786653
0.738664
0.781368
0.800112
0.799023
0.736468
0.782607
0.800090
0.805368
0.735655
0.780463
0.800100
0.796275
0.734524
0.779421
0.797187
0.791967
0.736574
0.780100
0.797400
0.795520
0.732616
0.778908
0.796488
0.792450
0.735212
0.780430
0.796450
0.789515
0.731956
0.782120
0.793366
0.791406
0.730625
0.779227
0.794802
0.790640
0.734993
0.783984
0.793071
0.785038
0.735180
0.785055
0.791378
0.784636
0.731997
0.781790
0.791151
0.782190
0.727491
0.783414
0.790581
0.779657
0.730103
0.785546
0.787909
0.778129
0.729408
0.783831
0.788944
0.778979
0.729806
0.786780
0.790144
0.776658
0.728073
0.785253
0.789404
0.776240
0.727602
0.787153
0.788783
0.777251
0.726365
0.787739
0.789751
0.773937
0.721195
0.787794
0.789810
0.772450
0.724467
0.789742
0.789014
0.772922
0.719777
0.788625
0.787988
0.770062
0.723028
0.792386
0.788105
0.768999
0.718472
0.791867
0.790199
0.770226
0.719035
0.793072
0.789872
0.770051
0.715463
0.791655
0.789213
0.768362
0.718306
0.794063
0.788501
0.767852
0.714856
0.796834
0.790949
0.768928
0.714171
0.794879
0.791921
0.767369
0.710259
0.796254
0.788719
0.767542
0.709291
0.797797
0.793711
0.765989
0.712525
0.796274
0.789539
0.765263
0.706185
0.800189
0.789543
0.765419
0.708128
0.802311
0.794703
0.765473
0.707003
0.807160
0.790728
0.763890
0.707538
0.807908
0.792753
0.764364
0.702696
0.807564
0.793243
0.765449
0.704216
0.811744
0.794850
0.768897
0.703377
0.814313
0.794031
0.765104
0.702626
0.813165
0.785719
0.767216
0.701146
0.815796
0.792194
0.767349
0.703244
0.819697
0.790590
0.766633
0.699404
0.821218
0.790184
0.766949
0.701222
0.819047
0.799071
0.768924
0.702728
0.822184
0.798539
0.767930
0.698472
0.822592
0.797911
0.770404
0.697594
0.823989
0.797781
0.770514
0.696847
0.823766
0.797836
0.771175
0.695439
0.823590
0.798942
0.769316
0.696875
0.826051
0.799532
0.769194
0.696858
0.823685
0.800682
0.770324
0.695800
0.823804
0.801907
0.770699
0.698126
0.822551
0.801377
0.766998
0.699364
0.824872
0.797989
0.769366
0.699828
0.823562
0.802017
0.765814
0.698222
0.824629
0.800007
0.764915
0.698075
0.821842
0.803134
0.766697
0.699737
0.821131
0.803416
0.768965
0.699545
0.823908
0.801997
0.773422
0.698350
0.824349
0.803310
0.775486
0.699893
0.823668
0.804605
0.779908
0.700607
0.822242
0.802960
0.783477
0.698583
0.822896
0.804135
0.785511
0.700904
0.820930
0.801899
0.787154
0.700689
0.822764
0.803905
0.791939
0.698073
0.817695
0.806130
0.794034
0.696863
0.817384
0.803280
0.795398
0.724626
0.818657
0.810673
0.805179
0.811893
0.817384
0.853862
0.824951
0.979281
0.820077
0.983910
0.860722
1.024994
0.838182
1.051366
0.845135
0.824461
0.862074
1.047753
0.794144
0.682754
0.886900
1.114898
0.799554
0.697979
0.922234
1.092778
0.788264
0.617332
0.988609
1.136827
0.805237
0.544782
1.080029
0.907804
0.840584
0.661310
1.179644
0.689071
0.731654
0.539110
1.185156
0.747326
0.809661
0.526356
1.048502
0.824378
0.765221
0.417039
0.939564
0.788693
0.804228
0.494898
0.803663
0.737304
0.803568
0.538767
0.731923
0.779237
0.785985
0.670446
0.732503
0.861411
0.769086
0.700217
0.703802
0.855138
0.748599
0.722308
0.720025
0.838727
0.729463
0.742367
0.745209
0.893848
0.707109
0.701191
0.742251
0.774847
0.706484
0.742757
0.710700
0.755471
0.702914
0.801330
0.718759
0.863297
0.732467
0.808408
0.772101
0.817012
0.787767
0.848247
0.785227
0.802768
0.801699
0.872435
0.755906
0.819654
0.829887
0.853404
0.731859
0.846130
0.839954
0.873010
0.722229
0.871237
0.837582
0.848430
0.702486
0.853146
0.836552
0.844490
0.638117
0.871633
0.846624
0.816098
0.647480
0.828718
0.874917
0.799117
0.678192
0.858454
0.850111
0.783507
0.761085
0.867997
0.843585
0.786083
0.841527
0.878723
0.837731
0.777053
0.839862
0.846225
0.807413
0.782154
0.848635
0.805021
0.830088
0.787875
0.834107
0.824312
0.830044
0.773618
0.818413
0.824993
0.805349
0.756724
0.807076
0.808025
0.828297
0.755823
0.806428
0.793051
0.815201
0.721598
0.818084
0.846676
0.825446
0.720362
0.823937
0.784746
0.841295
0.708498
0.838888
0.812376
0.837701
0.710984
0.827753
0.814846
0.835038
0.721117
0.810588
0.802361
0.824329
0.721559
0.804793
0.791614
0.813565
0.718199
0.792372
0.796206
0.804422
0.730716
0.779204
0.788570
0.804490
0.727628
0.778821
0.786188
0.806215
0.725780
0.774311
0.798475
0.820117
0.734119
0.780076
0.795372
0.799797
0.742645
0.788967
0.796479
0.804595
0.748513
0.788637
0.801189
0.812963
0.746611
0.785092
0.798140
0.802532
0.747705
0.787047
0.805849
0.778607
0.743357
0.783793
0.811322
0.796082
0.744580
0.790336
0.811244
0.790057
0.745344
0.796288
0.811079
0.788987
0.739812
0.795427
0.801492
0.788333
0.740812
0.797757
0.816897
0.792517
0.735390
0.796914
0.819334
0.799269
0.734106
0.801766
0.833796
0.803390
0.735939
0.801063
0.819382
0.802549
0.730391
0.805565
0.820121
0.797790
0.729440
0.804499
0.821198
0.792896
0.727522
0.805319
0.815291
0.788809
0.725646
0.808816
0.809877
0.788295
0.723102
0.809169
0.806517
0.786292
0.719638
0.805408
0.817320
0.781627
0.721658
0.805007
0.812440
0.786825
0.719123
0.808318
0.798523
0.786976
0.719198
0.809010
0.799471
0.786669
0.711998
0.809131
0.802865
0.782135
0.711215
0.813519
0.799856
0.778692
0.711417
0.815556
0.796890
0.778175
0.710010
0.813064
0.824767
0.769004
0.711660
0.813850
0.788968
0.771983
0.707200
0.811381
0.797654
0.768599
0.702118
0.813251
0.795819
0.771890
0.697026
0.811233
0.805904
0.766818
0.694616
0.815704
0.784179
0.770640
0.691655
0.818963
0.797480
0.769456
0.686439
0.816966
0.790590
0.764312
0.692052
0.821522
0.782914
0.765281
0.685900
0.826700
0.785947
0.762769
0.688964
0.827252
0.782034
0.762952
0.688029
0.826153
0.796682
0.761286
0.682942
0.831805
0.799085
0.759334
0.682462
0.830098
0.792569
0.760211
0.679446
0.858108
0.795889
0.761082
0.678404
0.833814
0.800576
0.761247
0.677475
0.836602
0.795780
0.761551
0.678972
0.851654
0.790820
0.762237
0.677701
0.827968
0.787826
0.763191
0.677528
0.827399
0.794816
0.761761
0.681842
0.839308
0.795835
0.763322
0.683598
0.833087
0.793833
0.765351
0.684226
0.826186
0.797355
0.765972
0.682917
0.831175
0.795576
0.766520
0.689629
0.833908
0.792726
0.768069
0.688722
0.831104
0.792855
0.763055
0.689034
0.832892
0.796916
0.760008
0.688082
0.827956
0.798353
0.762409
0.688120
0.826771
0.796622
0.767168
0.687125
0.829514
0.797281
0.767426
0.689873
0.827880
0.800379
0.766450
0.688172
0.825837
0.799698
0.768984
0.692368
0.828038
0.802211
0.773185
0.689464
0.825144
0.799873
0.773900
0.693447
0.825674
0.800909
0.775731
0.699779
0.824758
0.802042
0.777770
0.700833
0.823355
0.803697
0.780021
0.701270
0.819645
0.802684
0.785385
0.701969
0.823424
0.802514
0.785561
0.702679
0.822592
0.803809
0.784627
0.706102
0.819637
0.805152
0.784490
0.707264
0.818007
0.804314
0.786567
0.705028
0.818738
0.804388
0.789488
0.706582
0.819910
0.802842
0.786697
0.710965
0.815617
0.803364
0.790371
0.712171
0.812659
0.805575
0.792877
0.711987
0.814199
0.803546
0.793893
0.714781
0.811180
0.804573
0.797075
0.714783
0.813558
0.802030
0.794341
0.716543
0.809812
0.806021
0.796414
0.718643
0.812403
0.806754
0.801802
0.718723
0.807325
0.807284
0.800663
0.723977
0.808148
0.806240
0.802301
0.724226
0.805881
0.804724
0.805977
0.721234
0.803330
0.806475
0.805113
0.724325
0.800512
0.810354
0.807774
0.725107
0.801740
0.811472
0.810236
0.723052
0.799761
0.806886
0.808694
0.726019
0.798604
0.804367
0.813522
0.727386
0.795810
0.807650
0.810669
0.728736
0.796580
0.808973
0.809923
0.729067
0.796184
0.807600
0.813097
0.729013
0.795822
0.807340
0.813090
0.727758
0.793462
0.805300
0.813007
0.731167
0.794267
0.805011
0.814672
0.733271
0.791856
0.806966
0.814462
0.731230
0.794973
0.805594
0.816092
0.732899
0.794060
0.802341
0.814593
0.733099
0.791403
0.807824
0.813873
0.735031
0.791704
0.808970
0.815889
0.735837
0.790707
0.802523
0.816303
0.733021
0.788093
0.811419
0.816602
0.735496
0.788379
0.814838
0.815619
0.737263
0.789645
0.806769
0.815212
0.734945
0.792197
0.808039
0.814453
0.734848
0.790163
0.808670
0.814229
0.733335
0.788706
0.805857
0.816292
0.735271
0.791627
0.809193
0.814449
0.736717
0.786350
0.810920
0.817512
0.737113
0.792348
0.806754
0.815730
0.736819
0.790478
0.810845
0.815700
0.737866
0.789872
0.811199
0.815621
0.734620
0.789918
0.809498
0.813443
0.735422
0.790317
0.806464
0.814176
0.734614
0.790274
0.808914
0.814312
0.733305
0.791235
0.809766
0.814815
0.732099
0.791358
0.807643
0.814524
0.731801
0.790724
0.808356
0.815408
0.731571
0.794356
0.809760
0.812682
0.731288
0.791709
0.809169
0.812061
0.731903
0.791940
0.809057
0.813357
0.729105
0.796115
0.806148
0.811485
0.729674
0.795359
0.807795
0.810279
0.727992
0.797907
0.805488
0.812747
0.727108
0.797178
0.806344
0.808563
0.727418
0.799995
0.806238
0.810408
0.725733
0.800918
0.807021
0.809409
0.725126
0.800989
0.805703
0.809376
0.725119
0.802341
0.807783
0.809429
0.722729
0.799012
0.807420
0.808053
0.722866
0.803456
0.806279
0.807913
0.719822
0.803740
0.806641
0.806620
0.722247
0.804669
0.806705
0.804824
0.719495
0.807362
0.807697
0.802633
0.718432
0.806649
0.806687
0.800401
0.718610
0.804523
0.806011
0.801571
0.717419
0.810457
0.807795
0.801108
0.716583
0.809200
0.806366
0.798530
0.714978
0.804917
0.804948
0.795434
0.714221
0.811164
0.805040
0.797243
0.713912
0.811098
0.806972
0.795488
0.712663
0.810934
0.807097
0.797083
0.711162
0.810245
0.805833
0.795762
0.710699
0.813805
0.804268
0.798083
0.711444
0.813629
0.805237
0.794715
0.709161
0.811018
0.805139
0.793324
0.709885
0.813970
0.804693
0.794824
0.707687
0.816975
0.803404
0.793339
0.704975
0.814956
0.803799
0.792180
0.706779
0.817490
0.805052
0.789851
0.705122
0.817752
0.802638
0.788335
0.706013
0.816256
0.802675
0.791885
0.704637
0.818798
0.802792
0.788792
0.704269
0.819770
0.803390
0.786545
0.702597
0.821265
0.802148
0.785484
0.701451
0.819539
0.801876
0.786848
0.700106
0.821083
0.802324
0.784525
0.700757
0.818994
0.802123
0.783786
0.702139
0.821424
0.802225
0.783444
0.702041
0.819447
0.800629
0.783153
0.701247
0.821018
0.803552
0.783262
0.701303
0.821619
0.802271
0.779407
0.700457
0.820777
0.799805
0.777326
0.701444
0.819218
0.801658
0.775978
0.702106
0.819578
0.801244
0.778456
0.701448
0.823000
0.795455
0.777007
0.697629
0.819019
0.799796
0.776355
0.700151
0.819333
0.798195
0.779044
0.703825
0.818377
0.798678
0.778042
0.701412
0.820891
0.798054
0.782011
0.702513
0.820295
0.799306
0.781810
0.702484
0.817154
0.801144
0.784225
0.700958
0.817831
0.799948
0.782567
0.705030
0.819690
0.801657
0.780890
0.702495
0.815443
0.799181
0.783039
0.703165
0.818104
0.798351
0.780430
0.725026
0.813956
0.799225
0.792450
0.843816
0.812335
0.830097
0.812113
0.949714
0.823705
0.940169
0.821550
0.894144
0.836225
1.008838
0.811723
0.774319
0.852657
1.004247
0.762913
0.549665
0.914665
0.880402
0.726147
0.658236
0.946945
0.957924
0.732687
0.592452
0.982410
0.982866
0.738524
0.613828
1.151582
0.941355
0.792714
0.680195
1.209614
0.870973
0.685196
0.623769
1.237248
0.788529
0.751090
0.625837
1.190887
0.702610
0.712971
0.533148
1.146785
0.697606
0.765174
0.483498
0.869667
0.817994
0.803630
0.606936
0.789874
0.819275
0.805818
0.604690
0.751262
0.761850
0.766432
0.613868
0.732830
0.815031
0.716224
0.787812
0.650299
0.863941
0.731201
0.667243
0.686792
0.844128
0.700732
0.798942
0.745394
0.786806
0.678478
0.698608
0.658224
0.791700
0.690247
0.720355
0.722421
0.768595
0.685688
0.772877
0.695160
0.776836
0.717936
0.774429
0.719546
0.794308
0.775689
0.788438
0.687121
0.770144
0.844787
0.831421
0.646592
0.788548
0.878358
0.833357
0.616180
0.796459
0.873964
0.833439
0.628820
0.819538
0.882870
0.863354
0.670247
0.833391
0.908404
0.848408
0.717395
0.852942
0.884076
0.824776
0.789653
0.899038
0.829002
0.827609
0.833117
0.847858
0.823125
0.815086
0.834679
0.840904
0.766959
0.800463
0.807774
0.807571
0.780937
0.806208
0.827420
0.789841
0.704009
0.804785
0.806273
0.800643
0.704843
0.803122
0.781446
0.799766
0.726770
0.805562
0.782702
0.801134
0.766815
0.799679
0.793596
0.808227
0.774632
0.782449
0.801721
0.811236
0.768513
0.763526
0.822742
0.823299
0.840448
0.751217
0.834161
0.815836
0.843394
0.746520
0.820098
0.832980
0.812915
0.749106
0.818554
0.834591
0.831365
0.757081
0.805959
0.830714
0.825215
0.719675
0.783302
0.811230
0.819889
0.721214
0.784430
0.800762
0.825676
0.719918
0.788448
0.795975
0.814959
0.729595
0.783222
0.793240
0.812161
0.720026
0.795808
0.796395
0.820365
0.729269
0.787993
0.796816
0.812498
0.725947
0.783940
0.797563
0.825558
0.734340
0.784641
0.801126
0.802055
0.755399
0.773391
0.816499
0.801704
0.752963
0.770214
0.791417
0.801174
0.778079
0.775156
0.795660
0.799619
0.766255
0.784930
0.799845
0.783259
0.762867
0.788612
0.795798
0.789573
0.759914
0.794740
0.805461
0.793629
0.746424
0.795517
0.811281
0.789322
0.745520
0.798725
0.821468
0.791870
0.742514
0.797518
0.815268
0.793053
0.732088
0.800091
0.811206
0.795260
0.731515
0.803141
0.813344
0.795173
0.740402
0.803384
0.817573
0.790399
0.731427
0.807192
0.812411
0.787509
0.731164
0.807430
0.811600
0.793785
0.723461
0.810067
0.809568
0.796733
0.723314
0.812883
0.807243
0.797297
0.720450
0.816212
0.809103
0.797466
0.721079
0.813399
0.812305
0.796098
0.720875
0.814472
0.810467
0.793200
0.716955
0.813076
0.806525
0.792398
0.710400
0.812466
0.803054
0.798351
0.716688
0.814112
0.805780
0.799029
0.706021
0.817731
0.800773
0.798079
0.696516
0.816159
0.807457
0.796902
0.701744
0.815478
0.802473
0.800980
0.693092
0.815125
0.803152
0.790417
0.685794
0.816497
0.801570
0.789321
0.691802
0.816955
0.803944
0.793517
0.685556
0.818652
0.803429
0.804948
0.686321
0.818756
0.809336
0.801160
0.676884
0.824265
0.800208
0.785613
0.678257
0.830729
0.800089
0.793630
0.680497
0.803555
0.802259
0.791957
0.672197
0.849725
0.804289
0.793332
0.672987
0.867862
0.805825
0.794074
0.668481
0.843651
0.805374
0.784587
0.670467
0.848630
0.804845
0.790698
0.672243
0.847005
0.803815
0.796867
0.673281
0.841553
0.803031
0.792685
0.677082
0.844316
0.806260
0.792973
0.678582
0.844199
0.808862
0.792189
0.676315
0.844296
0.807873
0.795257
0.671186
0.843801
0.808063
0.792306
0.673760
0.849109
0.808771
0.794833
0.674103
0.850405
0.809634
0.792849
0.675023
0.849369
0.806963
0.793163
0.676547
0.851537
0.810640
0.796286
0.680433
0.848478
0.812645
0.797502
0.681924
0.843953
0.813919
0.796633
0.680255
0.841354
0.813080
0.796669
0.682913
0.840132
0.809943
0.793583
0.684113
0.844417
0.806179
0.796866
0.688330
0.845084
0.812586
0.797472
0.689942
0.842865
0.810988
0.797963
0.692254
0.843517
0.812863
0.798455
0.690120
0.837615
0.812576
0.797823
0.692006
0.835737
0.814681
0.800034
0.693927
0.838426
0.812940
0.799086
0.697715
0.839584
0.811205
0.798608
0.701061
0.833910
0.813414
0.800529
0.700872
0.834573
0.813505
0.799596
0.703293
0.835250
0.811683
0.799997
0.700718
0.829494
0.811503
0.799312
0.704835
0.830169
0.810968
0.799049
0.707383
0.826576
0.813453
0.799548
0.712493
0.829053
0.813092
0.802295
0.711227
0.829269
0.811540
0.797606
0.713336
0.822789
0.812064
0.801409
0.716223
0.825357
0.811582
0.799260
0.714385
0.821324
0.811936
0.799564
0.715465
0.816827
0.810460
0.801642
0.716135
0.820441
0.808707
0.800638
0.715797
0.814272
0.810098
0.802609
0.719260
0.817706
0.808477
0.797315
0.721033
0.811913
0.809999
0.800417
0.721713
0.814715
0.806666
0.797295
0.725944
0.809932
0.804676
0.796593
0.725849
0.810010
0.805484
0.797321
0.729027
0.805184
0.805220
0.797387
0.727778
0.804398
0.804976
0.795715
0.732416
0.803862
0.803411
0.796829
0.732194
0.805411
0.803869
0.794628
0.733174
0.798093
0.803053
0.796824
0.738034
0.800466
0.802867
0.795943
0.736610
0.795493
0.802727
0.796890
0.732159
0.794884
0.798654
0.796684
0.734469
0.789332
0.798967
0.795384
0.737848
0.791549
0.798426
0.795079
0.740415
0.785624
0.798349
0.795396
0.739162
0.778895
0.797272
0.788769
0.741217
0.778765
0.795635
0.790934
0.742029
0.782251
0.795901
0.799285
0.746085
0.780269
0.794448
0.794486
0.744196
0.778630
0.794663
0.791607
0.744162
0.781386
0.795114
0.792387
0.748876
0.778320
0.793403
0.792329
0.744009
0.776828
0.794354
0.791687
0.741282
0.776752
0.793931
0.790504
0.745082
0.778561
0.792234
0.790191
0.743756
0.775146
0.792993
0.791709
0.743702
0.775576
0.791763
0.789191
0.745161
0.777333
0.791468
0.789556
0.739775
0.773627
0.791728
0.789952
0.743090
0.776540
0.790794
0.789625
0.746654
0.775827
0.791301
0.787906
0.743956
0.777650
0.789130
0.786825
0.745677
0.776288
0.790840
0.789905
0.743371
0.778042
0.789487
0.787208
0.743535
0.775752
0.791061
0.789844
0.746006
0.775685
0.791866
0.788287
0.743809
0.778770
0.790596
0.786743
0.744457
0.779914
0.790973
0.786393
0.742470
0.781791
0.789690
0.785267
0.743605
0.778331
0.792036
0.784374
0.742058
0.780515
0.792234
0.784954
0.744545
0.783827
0.791325
0.786995
0.744366
0.783403
0.792710
0.785968
0.738118
0.784318
0.792333
0.785276
0.740299
0.787959
0.792725
0.785843
0.738012
0.789826
0.791612
0.784643
0.737847
0.792213
0.794647
0.784165
0.738940
0.792009
0.795180
0.784107
0.736493
0.791462
0.795778
0.785859
0.734782
0.792367
0.795306
0.784858
0.733571
0.794962
0.794584
0.786408
0.731195
0.796749
0.795430
0.786470
0.733018
0.798010
0.793935
0.787116
0.732852
0.796943
0.796842
0.787325
0.730086
0.800966
0.796512
0.790437
0.728171
0.800268
0.798090
0.788099
0.731439
0.800422
0.799031
0.786764
0.724352
0.802904
0.798758
0.788977
0.723061
0.804864
0.799324
0.789246
0.722780
0.806594
0.800038
0.788345
0.723319
0.807389
0.801495
0.788230
0.721600
0.811186
0.797870
0.793077
0.721461
0.813766
0.800787
0.791143
0.717183
0.813578
0.801155
0.791001
0.720303
0.812770
0.803468
0.791872
0.717233
0.814420
0.803609
0.792562
0.712400
0.814399
0.803858
0.793417
0.713345
0.821444
0.802598
0.794438
0.713045
0.823370
0.802038
0.788646
0.712155
0.819367
0.804740
0.793265
0.708691
0.822932
0.805649
0.789783
0.707498
0.821905
0.803562
0.789767
0.712440
0.822614
0.806682
0.790598
0.708131
0.823231
0.805864
0.792563
0.708709
0.829671
0.804790
0.793079
0.709529
0.828278
0.805979
0.791461
0.707735
0.825877
0.806528
0.791503
0.707852
0.824243
0.805810
0.793763
0.706645
0.827842
0.804004
0.791295
0.706681
0.823841
0.805264
0.791696
0.705459
0.821597
0.804678
0.794614
0.706110
0.823718
0.804253
0.796415
0.709287
0.822709
0.805025
0.794191
0.709484
0.823595
0.801306
0.795678
0.705815
0.821594
0.802469
0.797715
0.706288
0.822383
0.801429
0.798473
0.727785
0.823960
0.800515
0.807723
0.812494
0.816366
0.837430
0.815230
0.788317
0.825269
0.918499
0.810937
0.761904
0.810529
1.007561
0.794723
0.644650
0.839391
0.992289
0.798718
0.649424
0.850687
0.852899
0.779964
0.629988
0.923312
0.822591
0.787623
0.655937
1.023236
0.892575
0.790718
0.679910
1.222378
0.843611
0.829194
0.625969
1.198614
0.784636
0.735215
0.584546
1.177265
0.792302
0.772268
0.577612
1.163892
0.880442
0.783361
0.480382
1.128974
0.882457
0.832768
0.652722
0.764957
0.760397
0.824143
0.650352
0.694677
0.865470
0.794539
0.754895
0.667527
0.787895
0.721034
0.706407
0.650327
0.731209
0.685631
0.765060
0.787215
0.766433
0.654178
0.747140
0.701346
0.705208
0.698448
0.726990
0.826908
0.750616
0.736818
0.741363
0.796110
0.788909
0.750874
0.750649
0.729569
0.818892
0.806483
0.816145
0.835535
0.857558
0.823800
0.829729
0.765076
0.850001
0.811035
0.849638
0.739811
0.790565
0.805575
0.885487
0.776757
0.822050
0.813143
0.858598
0.745771
0.851091
0.847912
0.847738
0.721613
0.850012
0.880004
0.849658
0.725868
0.841471
0.864226
0.818688
0.698579
0.873879
0.837961
0.790498
0.737147
0.826507
0.808752
0.791483
0.762008
0.866124
0.774604
0.766613
0.799073
0.826090
0.780348
0.758247
0.856877
0.827983
0.789394
0.744954
0.850386
0.806178
0.775403
0.776237
0.807944
0.784978
0.790130
0.800946
0.826131
0.778340
0.766991
0.799038
0.842697
0.780469
0.779739
0.797840
0.802681
0.781932
0.764762
0.762583
0.824228
0.803198
0.775992
0.744296
0.847787
0.804179
0.766143
0.738183
0.846332
0.819159
0.753574
0.727820
0.771204
0.810206
0.768517
0.727844
0.813044
0.791471
0.775167
0.737438
0.827036
0.800045
0.781967
0.745415
0.792600
0.795062
0.785090
0.748551
0.791456
0.786492
0.787914
0.755687
0.794886
0.790066
0.787445
0.745854
0.775975
0.786449
0.785910
0.742092
0.770090
0.784282
0.780520
0.752140
0.771947
0.785352
0.780707
0.759755
0.761989
0.786505
0.786429
0.763913
0.771550
0.784647
0.794477
0.767532
0.769343
0.784293
0.800584
0.765284
0.736875
0.782936
0.797273
0.761563
0.761038
0.791380
0.798117
0.754016
0.766581
0.791421
0.792801
0.749224
0.762650
0.789681
0.789856
0.745572
0.769368
0.789729
0.782164
0.750612
0.773048
0.789264
0.778232
0.751370
0.773498
0.788002
0.776088
0.746398
0.780410
0.787260
0.769720
0.746642
0.778523
0.790399
0.767517
0.744582
0.783510
0.792896
0.761669
0.745612
0.788945
0.794621
0.763576
0.743273
0.789426
0.792010
0.767058
0.738911
0.795934
0.793050
0.768040
0.740348
0.795467
0.792326
0.767878
0.737846
0.796518
0.790719
0.772412
0.736596
0.797618
0.793307
0.774229
0.733543
0.800741
0.788263
0.778294
0.737757
0.799242
0.794433
0.780804
0.725379
0.796809
0.788641
0.784800
0.728097
0.795508
0.795723
0.780418
0.731801
0.799840
0.789802
0.777653
0.725321
0.799554
0.800731
0.781955
0.720425
0.804323
0.786453
0.778608
0.714062
0.805202
0.798401
0.777920
0.711389
0.810894
0.784361
0.778022
0.708880
0.812504
0.795646
0.776809
0.713801
0.813012
0.791986
0.777558
0.708324
0.813721
0.794280
0.779326
0.708460
0.820245
0.793663
0.782569
0.704582
0.821185
0.792242
0.780722
0.707248
0.824533
0.795016
0.783616
0.704717
0.840848
0.796555
0.783179
0.701815
0.841865
0.799502
0.787032
0.704630
0.824682
0.799328
0.786981
0.699693
0.837681
0.801746
0.784250
0.699751
0.827447
0.801647
0.784549
0.702763
0.818718
0.802861
0.782915
0.697046
0.833029
0.798994
0.785374
0.701497
0.831835
0.803035
0.785288
0.699008
0.833099
0.804399
0.785229
0.697373
0.832937
0.804156
0.787730
0.700622
0.834157
0.804690
0.788946
0.697798
0.832588
0.805139
0.792531
0.699016
0.832249
0.805891
0.793876
0.700005
0.837926
0.805196
0.793233
0.699938
0.833267
0.806723
0.795505
0.702064
0.835432
0.804703
0.794819
0.700402
0.833543
0.807218
0.794435
0.700578
0.835761
0.810717
0.796234
0.700412
0.832921
0.810807
0.797132
0.703740
0.834920
0.807888
0.800595
0.701539
0.836973
0.807766
0.798298
0.705892
0.834070
0.810194
0.799801
0.709012
0.837129
0.812218
0.801763
0.705363
0.835960
0.809535
0.802007
0.706025
0.832511
0.810237
0.800138
0.709502
0.833055
0.811618
0.801085
0.708621
0.832550
0.811006
0.804660
0.712246
0.827706
0.813910
0.804564
0.712828
0.830382
0.811546
0.802893
0.712624
0.827668
0.813667
0.801506
0.718011
0.828502
0.814658
0.803681
0.715045
0.825555
0.816271
0.807153
0.717216
0.828824
0.814510
0.806294
0.720082
0.826662
0.814880
0.807492
0.720889
0.828045
0.813570
0.808408
0.722036
0.826427
0.813820
0.810338
0.723136
0.822269
0.815311
0.807778
0.721897
0.821361
0.814710
0.809110
0.724965
0.823125
0.813829
0.809702
0.727800
0.818263
0.814478
0.808393
0.727377
0.818198
0.814322
0.810619
0.729559
0.814998
0.812569
0.806206
0.730461
0.817655
0.812590
0.805054
0.733101
0.817124
0.811854
0.803662
0.729803
0.814358
0.812800
0.804409
0.730348
0.809632
0.810946
0.804016
0.737002
0.812145
0.810706
0.805450
0.736647
0.807716
0.808343
0.807707
0.738402
0.807002
0.811231
0.806542
0.737414
0.803757
0.809855
0.805045
0.738269
0.806228
0.808945
0.808950
0.738933
0.804405
0.807377
0.809887
0.738410
0.803007
0.807996
0.808129
0.741092
0.799395
0.805438
0.804898
0.741411
0.801994
0.804976
0.806053
0.741386
0.801352
0.805337
0.803619
0.744405
0.798272
0.806559
0.804188
0.744332
0.796718
0.805118
0.802983
0.745473
0.797073
0.804502
0.805903
0.747257
0.793251
0.803335
0.805803
0.749411
0.795239
0.801625
0.802113
0.751108
0.790461
0.802516
0.801863
0.747271
0.790899
0.800976
0.800352
0.748377
0.789000
0.799550
0.800326
0.751428
0.786475
0.799486
0.796706
0.751086
0.789694
0.798612
0.795526
0.749335
0.788011
0.797136
0.795404
0.752504
0.782909
0.799717
0.796757
0.754136
0.782760
0.796092
0.796865
0.751733
0.787825
0.793105
0.796000
0.751359
0.778028
0.793574
0.794346
0.751826
0.775588
0.793295
0.794191
0.753608
0.778524
0.794181
0.792328
0.752181
0.774731
0.792839
0.790815
0.752209
0.779751
0.793780
0.791979
0.749825
0.777582
0.791742
0.788328
0.753360
0.778771
0.790959
0.788470
0.751617
0.777541
0.791912
0.786004
0.754201
0.777917
0.791818
0.785162
0.754637
0.779780
0.790855
0.786311
0.751630
0.779928
0.790796
0.783592
0.750417
0.777277
0.790226
0.783189
0.747760
0.778913
0.789430
0.784499
0.751438
0.782683
0.791698
0.782245
0.751255
0.782491
0.789795
0.782372
0.750779
0.779525
0.788974
0.780668
0.751228
0.783109
0.788920
0.780680
0.747552
0.783689
0.790059
0.778514
0.749801
0.782384
0.789203
0.778544
0.747339
0.785242
0.790405
0.776676
0.748210
0.782204
0.790342
0.778942
0.743917
0.783924
0.789784
0.777310
0.746009
0.787308
0.790264
0.776643
0.743673
0.789465
0.791802
0.776374
0.743692
0.791593
0.790512
0.777830
0.745502
0.791556
0.792028
0.778625
0.744471
0.792099
0.790802
0.778451
0.741819
0.790725
0.791170
0.775674
0.740979
0.792441
0.790141
0.777631
0.737213
0.796166
0.789153
0.777098
0.737915
0.793912
0.790445
0.777099
0.737134
0.796644
0.791190
0.778629
0.736923
0.797518
0.790546
0.775832
0.736120
0.800261
0.790900
0.775895
0.737166
0.800225
0.791285
0.777456
0.731278
0.799843
0.790842
0.775922
0.734481
0.801139
0.791453
0.778049
0.733228
0.802337
0.795228
0.777233
0.732994
0.803508
0.793962
0.777708
0.729019
0.805360
0.793803
0.777693
0.729412
0.808427
0.792831
0.776034
0.727817
0.803860
0.794541
0.778147
0.724442
0.808263
0.794735
0.777146
0.726425
0.809765
0.794781
0.775913
0.726276
0.815349
0.795821
0.777573
0.722604
0.813459
0.796735
0.777780
0.724130
0.810110
0.797408
0.780465
0.723633
0.816480
0.798407
0.782849
0.723083
0.815557
0.794980
0.781563
0.721614
0.808249
0.797733
0.779611
0.723831
0.817758
0.799398
0.781287
0.719810
0.819963
0.799285
0.781398
0.716004
0.816778
0.800066
0.779393
0.718680
0.818784
0.800289
0.781157
0.715783
0.817823
0.798348
0.782067
0.715576
0.819844
0.798410
0.784563
0.718817
0.821547
0.799836
0.785024
0.716320
0.822557
0.801236
0.784083
0.716478
0.817139
0.800560
0.784279
0.714907
0.823334
0.800239
0.787325
0.714482
0.820927
0.800044
0.789296
0.712942
0.823071
0.800164
0.788372
0.718165
0.823637
0.800485
0.790226
0.715571
0.822759
0.803173
0.791701
0.715406
0.819335
0.804014
0.790548
0.714994
0.820765
0.801605
0.793253
0.712005
0.818401
0.802075
0.793768
0.714827
0.822133
0.803015
0.794859
0.715613
0.820060
0.804800
0.797262
0.714872
0.821651
0.804449
0.795301
0.714781
0.821717
0.803755
0.805811
0.777909
0.821750
0.825672
0.837782
0.962967
0.814497
0.976474
0.855600
1.018147
0.835538
1.087955
0.866127
1.019388
0.861498
1.107796
0.851072
0.727089
0.921686
1.041712
0.802703
0.634301
0.931201
1.065087
0.728456
0.683057
0.940350
1.088873
0.727679
0.521939
1.003285
1.099352
0.756290
0.677440
1.136784
0.957337
0.815986
0.606178
1.159712
0.844177
0.704961
0.486192
1.167042
0.804993
0.769498
0.520680
1.187828
0.897132
0.749312
0.499561
0.982287
0.910076
0.825617
0.528340
0.851257
0.832644
0.744462
0.695894
0.768416
0.719184
0.710035
0.666074
0.753951
0.668278
0.705951
0.702374
0.681446
0.781681
0.670187
0.701530
0.706647
0.718228
0.653197
0.678279
0.606114
0.784651
0.626855
0.738715
0.710316
0.828894
0.650927
0.724378
0.726281
0.770277
0.670149
0.737441
0.773405
0.755028
0.693625
0.768912
0.818083
0.716886
0.756132
0.805529
0.804804
0.748558
0.813194
0.834172
0.779181
0.738576
0.845710
0.861656
0.731454
0.725603
0.847886
0.877636
0.710106
0.714582
0.844739
0.867185
0.689949
0.755589
0.841656
0.879896
0.646547
0.831680
0.817345
0.872865
0.633444
0.858970
0.866935
0.852750
0.618882
0.868019
0.800317
0.860562
0.592540
0.983208
0.816488
0.858287
0.642662
0.891321
0.844833
0.836693
0.770515
0.864107
0.822943
0.852088
0.848645
0.868278
0.802173
0.843091
0.823693
0.869300
0.781528
0.846848
0.802196
0.868913
0.781776
0.837732
0.847015
0.808209
0.793840
0.838464
0.830635
0.785846
0.792960
0.818210
0.792165
0.789933
0.797008
0.801196
0.841046
0.787316
0.805989
0.791748
0.828281
0.838687
0.821598
0.759388
0.802325
0.794064
0.791227
0.756647
0.838704
0.804458
0.806322
0.726085
0.816218
0.783365
0.842556
0.719716
0.803134
0.763560
0.837752
0.719597
0.806855
0.790730
0.839574
0.721614
0.793956
0.768495
0.832338
0.735980
0.782155
0.774258
0.811705
0.737821
0.787455
0.780571
0.790681
0.751469
0.777722
0.784649
0.779386
0.753525
0.767164
0.788278
0.785158
0.759087
0.774144
0.791442
0.794338
0.752258
0.767715
0.791079
0.781833
0.759250
0.760826
0.788786
0.760390
0.757178
0.770377
0.789552
0.790350
0.748695
0.767853
0.831373
0.786725
0.793288
0.772227
0.826934
0.781677
0.786234
0.783372
0.814875
0.795592
0.779526
0.780217
0.806740
0.798177
0.776856
0.783228
0.797871
0.796239
0.756266
0.784220
0.802179
0.797446
0.749146
0.775760
0.821510
0.800388
0.751209
0.781061
0.823074
0.795572
0.755501
0.786733
0.816974
0.789367
0.760996
0.793521
0.816967
0.790494
0.757469
0.792202
0.809607
0.792299
0.744821
0.796238
0.800526
0.783028
0.733787
0.799890
0.796749
0.771403
0.741997
0.802336
0.797759
0.768009
0.728947
0.798610
0.801171
0.763457
0.729281
0.801960
0.821040
0.764154
0.733361
0.801330
0.792263
0.767007
0.731061
0.806806
0.792530
0.766271
0.723979
0.808127
0.794926
0.768867
0.721868
0.809039
0.802908
0.771334
0.718797
0.813591
0.794301
0.770170
0.710100
0.814932
0.778261
0.768720
0.709152
0.812342
0.792852
0.766838
0.710564
0.818317
0.798762
0.778767
0.715696
0.810101
0.787686
0.748932
0.706107
0.813517
0.795136
0.706011
0.701788
0.816884
0.775238
0.724858
0.707794
0.819372
0.786297
0.720088
0.682398
0.810179
0.776852
0.712600
0.690453
0.824755
0.779526
0.722054
0.676626
0.826006
0.791279
0.706610
0.674205
0.824807
0.787094
0.718221
0.677004
0.835152
0.782169
0.696323
0.670227
0.879553
0.787661
0.725019
0.670501
0.895142
0.788169
0.702401
0.675983
0.813528
0.791809
0.683824
0.670156
0.828707
0.791952
0.692443
0.670126
0.851996
0.790405
0.716679
0.673236
0.854564
0.789660
0.701535
0.675179
0.835927
0.790685
0.705229
0.679875
0.841512
0.789286
0.713673
0.679694
0.842316
0.792103
0.711099
0.677759
0.843351
0.796578
0.713410
0.680073
0.851310
0.793424
0.710216
0.677119
0.843058
0.792289
0.709836
0.680260
0.846851
0.795742
0.709517
0.680157
0.842971
0.797913
0.716364
0.684447
0.842979
0.798235
0.734328
0.682833
0.843664
0.798330
0.738067
0.688441
0.841773
0.797416
0.738053
0.690903
0.840348
0.799925
0.740883
0.693704
0.841342
0.800808
0.741819
0.696047
0.840588
0.803170
0.748814
0.701228
0.835658
0.802030
0.754254
0.699163
0.836514
0.802295
0.750481
0.701217
0.837595
0.800642
0.758016
0.702137
0.832627
0.806228
0.760986
0.704050
0.834544
0.805576
0.765936
0.709307
0.831883
0.807365
0.766536
0.711195
0.828854
0.808451
0.766743
0.711648
0.831021
0.806182
0.768012
0.714507
0.828390
0.808871
0.771925
0.717901
0.825636
0.809391
0.776545
0.717547
0.826963
0.806766
0.775060
0.726680
0.822543
0.810365
0.773287
0.721267
0.823276
0.806541
0.762178
0.721280
0.820185
0.809105
0.763050
0.725207
0.819441
0.810228
0.766950
0.723310
0.817549
0.806982
0.775587
0.725986
0.814840
0.806877
0.770326
0.729535
0.813901
0.809680
0.773342
0.730715
0.811516
0.809258
0.776277
0.733188
0.813336
0.808061
0.775553
0.734660
0.808230
0.810384
0.775150
0.735466
0.807428
0.806100
0.772792
0.736711
0.806294
0.803764
0.774589
0.737836
0.805726
0.802724
0.779281
0.740212
0.801953
0.803672
0.770683
0.740855
0.798511
0.803696
0.771365
0.743416
0.799810
0.801398
0.775696
0.743597
0.796364
0.801365
0.778992
0.745627
0.795889
0.801831
0.780999
0.748471
0.794650
0.804205
0.787361
0.747502
0.786250
0.799214
0.792749
0.747661
0.789448
0.796267
0.791661
0.749417
0.786511
0.798388
0.791193
0.748132
0.783933
0.797847
0.795240
0.753672
0.781882
0.805254
0.791707
0.753386
0.779110
0.801412
0.796662
0.754307
0.779659
0.812331
0.793498
0.757588
0.779278
0.796233
0.798639
0.756689
0.776122
0.792030
0.801887
0.766136
0.776974
0.802500
0.803894
0.758970
0.772221
0.805758
0.808544
0.758449
0.773365
0.798478
0.801254
0.755464
0.768752
0.794658
0.801350
0.755584
0.769239
0.802245
0.811858
0.760876
0.770273
0.799975
0.805216
0.762767
0.768475
0.799967
0.802467
0.762237
0.770178
0.795181
0.805479
0.760095
0.771244
0.799512
0.806613
0.758786
0.771752
0.796424
0.805327
0.755618
0.767712
0.799814
0.810922
0.759544
0.770796
0.796135
0.809721
0.760021
0.770029
0.796310
0.808920
0.759493
0.771073
0.794985
0.808677
0.757969
0.770728
0.797401
0.808716
0.758497
0.771121
0.797113
0.804896
0.757583
0.771244
0.794196
0.803994
0.755288
0.769992
0.797588
0.804619
0.755100
0.772362
0.795734
0.805765
0.752499
0.773444
0.797820
0.807761
0.753415
0.772516
0.796089
0.804210
0.754213
0.778980
0.793802
0.799300
0.755013
0.780174
0.794459
0.798791
0.752665
0.7