0.496703
0.394383
0.494994
0.497436
0.393895
0.495238
0.496459
0.393895
0.493773
0.498169
0.393651
0.494261
0.497924
0.394139
0.495238
0.496948
0.395116
0.494994
0.497680
0.393162
0.496215
0.496703
0.394139
0.494750
0.497924
0.394383
0.494750
0.497436
0.393407
0.494750
0.497436
0.393162
0.495238
0.496459
0.393895
0.488645
0.501343
0.392674
0.502320
0.500366
0.391209
0.494750
0.497680
0.393651
0.495971
0.496703
0.393651
0.495727
0.496459
0.393162
0.496215
0.496703
0.394628
0.495971
0.497192
0.393651
0.497192
0.496948
0.394139
0.494261
0.497192
0.392674
0.493040
0.496703
0.393895
0.496459
0.496703
0.394628
0.495482
0.497192
0.394383
0.496459
0.497436
0.393651
0.495482
0.496703
0.481075
0.400000
0.564591
0.433455
0.616361
0.501099
0.402198
0.513065
0.504274
0.401221
0.455922
0.540659
0.388034
0.474725
0.504518
0.387302
0.464469
0.499145
0.397802
0.501343
0.481563
0.405128
0.508181
0.477167
0.401465
0.509158
0.480830
0.394139
0.500122
0.481319
0.392430
0.496703
0.490843
0.391453
0.495971
0.494506
0.389744
0.495482
0.495727
0.392918
0.497436
0.496215
0.394628
0.497924
0.501343
0.401954
0.492308
0.501832
0.396093
0.490843
0.513065
0.392186
0.492308
0.505983
0.389744
0.489377
0.490110
0.536508
0.315507
0.567033
0.429792
0.663248
0.568987
0.382662
0.461294
0.526740
0.410745
0.460317
0.519170
0.380952
0.450794
0.505983
0.387790
0.468620
0.471795
0.404396
0.504029
0.491575
0.400733
0.502808
0.479854
0.401709
0.513309
0.477167
0.393407
0.501343
0.481319
0.395360
0.497192
0.487912
0.390476
0.495238
0.492064
0.389744
0.494750
0.494261
0.388523
0.496703
0.493040
0.390965
0.496215
0.490843
0.398535
0.502564
0.500366
0.402686
0.502076
0.508425
0.396825
0.491331
0.512332
0.390720
0.454701
0.504762
0.388767
0.545055
0.343834
0.424908
0.514774
0.552137
0.403663
0.472772
0.551893
0.378022
0.466911
0.502320
0.380952
0.465934
0.505495
0.399023
0.489133
0.498657
0.404640
0.497680
0.484249
0.402442
0.508181
0.477167
0.399267
0.510867
0.480342
0.393651
0.505250
0.483517
0.392674
0.497436
0.491331
0.391453
0.497436
0.494750
0.388767
0.500611
0.497436
0.388767
0.500855
0.491331
0.390232
0.501099
0.488645
0.393895
0.504029
0.487180
0.395604
0.507204
0.499145
0.405128
0.503053
0.404396
0.256166
0.422466
0.414652
0.381929
0.658852
0.486691
0.376068
0.476679
0.533089
0.388034
0.464469
0.513309
0.377045
0.469841
0.505250
0.398046
0.473749
0.500366
0.410012
0.507204
0.486203
0.410501
0.510134
0.475458
0.403663
0.509890
0.478633
0.389744
0.502076
0.482784
0.392430
0.495971
0.488889
0.391453
0.500366
0.493285
0.388278
0.500855
0.496459
0.388278
0.502076
0.493529
0.389744
0.504518
0.488645
0.390720
0.505006
0.490110
0.393651
0.505006
0.485470
0.395604
0.510379
0.509890
0.534310
0.485714
0.551893
0.411722
0.557998
0.560684
0.409524
0.531380
0.568742
0.378999
0.457143
0.554090
0.364347
0.463492
0.519902
0.380952
0.467643
0.499634
0.400733
0.478633
0.489622
0.424908
0.497924
0.478144
0.414408
0.506227
0.473749
0.395604
0.508913
0.478877
0.387546
0.505006
0.484982
0.393651
0.496215
0.489622
0.392674
0.495238
0.492064
0.388767
0.500122
0.496459
0.387302
0.503541
0.494750
0.387790
0.499634
0.486447
0.396825
0.505495
0.488401
0.392186
0.505983
0.488156
0.392430
0.530647
0.551160
0.355067
0.601709
0.535775
0.418559
0.521856
0.535287
0.379976
0.463736
0.556777
0.372650
0.479609
0.530159
0.373871
0.466911
0.508425
0.392186
0.464713
0.490354
0.405128
0.488889
0.488889
0.407814
0.506960
0.468376
0.399267
0.504518
0.473749
0.393895
0.495238
0.479609
0.393651
0.496703
0.490110
0.392430
0.497680
0.493040
0.389255
0.496948
0.495727
0.385592
0.498657
0.494261
0.387790
0.500611
0.489377
0.393407
0.500366
0.486935
0.395849
0.501587
0.487912
0.521612
0.522833
0.651526
0.440537
0.601709
0.422222
0.401709
0.492552
0.544811
0.381685
0.455922
0.571429
0.381929
0.435653
0.479121
0.368742
0.458852
0.518193
0.393651
0.481807
0.500122
0.399756
0.500122
0.483517
0.401465
0.507448
0.472039
0.396581
0.505006
0.481319
0.392186
0.500611
0.485226
0.390720
0.497924
0.488889
0.392430
0.494261
0.494017
0.390232
0.497192
0.495727
0.387546
0.499390
0.492308
0.390965
0.498413
0.489377
0.392674
0.499145
0.486203
0.395360
0.503297
0.579243
0.622711
0.222222
0.579243
0.448840
0.567521
0.537241
0.374115
0.468865
0.557265
0.394139
0.451038
0.521612
0.367766
0.477656
0.499390
0.386081
0.473504
0.496703
0.402930
0.491575
0.485959
0.414652
0.492308
0.477167
0.401221
0.503053
0.475946
0.396093
0.497192
0.478388
0.394872
0.496948
0.486691
0.393895
0.498413
0.491331
0.389011
0.497192
0.494506
0.388034
0.497680
0.495238
0.388523
0.500366
0.493040
0.392918
0.503541
0.488401
0.392186
0.501587
0.491331
0.395604
0.415385
0.463248
0.288401
0.458608
0.319658
0.435653
0.559463
0.594872
0.424420
0.463980
0.557753
0.408547
0.464225
0.529182
0.375092
0.466667
0.510867
0.393895
0.484982
0.497924
0.402930
0.490110
0.484493
0.402686
0.500611
0.475458
0.400488
0.501343
0.478633
0.395360
0.499390
0.479365
0.391697
0.500611
0.487912
0.391209
0.497436
0.492796
0.390720
0.497192
0.494261
0.386569
0.498901
0.494017
0.388034
0.501099
0.493040
0.394383
0.503053
0.491087
0.391697
0.499145
0.484005
0.397802
0.504029
0.226862
0.384860
0.272039
0.410256
0.453236
0.543101
0.577289
0.401954
0.491331
0.526984
0.391941
0.464713
0.530159
0.376801
0.467155
0.514530
0.389988
0.474970
0.500122
0.401709
0.483517
0.487424
0.405372
0.506227
0.480098
0.399512
0.507448
0.476191
0.392674
0.502564
0.480830
0.394628
0.499634
0.484249
0.393407
0.497924
0.491331
0.392186
0.497680
0.494506
0.386081
0.500611
0.495971
0.389255
0.502808
0.491331
0.390965
0.500122
0.491331
0.395116
0.502320
0.485714
0.397802
0.508913
0.504029
0.400488
0.505495
0.509646
0.396581
0.494017
0.514530
0.389744
0.496703
0.517460
0.391453
0.490598
0.502076
0.393895
0.488401
0.494750
0.397802
0.496215
0.491087
0.397558
0.499634
0.489866
0.394872
0.496215
0.490110
0.391941
0.497680
0.493285
0.392674
0.497680
0.497192
0.392674
0.499145
0.500611
0.396581
0.500122
0.502564
0.395604
0.496948
0.501587
0.394628
0.497436
0.499634
0.392674
0.495727
0.496215
0.395116
0.494261
0.494261
0.393651
0.495482
0.494261
0.395849
0.497436
0.495971
0.392674
0.498901
0.498901
0.392674
0.498657
0.500366
0.394628
0.497436
0.499390
0.393162
0.497192
0.499145
0.394139
0.497436
0.496703
0.395116
0.496703
0.496215
0.394628
0.496215
0.495727
0.395849
0.498169
0.497680
0.392674
0.497924
0.500122
0.394383
0.496703
0.499634
0.394139
0.496215
0.498413
0.393162
0.497436
0.497192
0.393895
0.496703
0.496703
0.394383
0.497192
0.496703
0.393651
0.496215
0.496948
0.393407
0.498169
0.497192
0.393162
0.497680
0.499145
0.392918
0.496948
0.499145
0.393162
0.497680
0.497924
0.394628
0.496948
0.496215
0.393895
0.497680
0.496948
0.395116
0.496703
0.496948
0.394628
0.497924
0.497924
0.394139
0.496948
0.498657
0.393407
0.496948
0.497680
0.393162
0.497192
0.497192
0.393651
0.498169
0.497436
0.392918
0.498413
0.498169
0.393651
0.497436
0.497436
0.392674
0.495971
0.497192
0.392674
0.498657
0.498413
0.394139
0.497924
0.497924
0.393895
0.495482
0.496948
0.391941
0.497192
0.496215
0.393651
0.497192
0.498169
0.393162
0.498413
0.496948
0.394383
0.498413
0.498169
0.394139
0.496459
0.498169
0.391453
0.496215
0.496215
0.394139
0.497924
0.497924
0.393162
0.498901
0.497436
0.393162
0.495238
0.497680
0.392918
0.498657
0.498169
0.393651
0.497436
0.497192
