0.737583
0.722850
0.760755
0.757191
0.736533
0.717425
0.760726
0.756206
0.735325
0.719676
0.760422
0.754712
0.734542
0.720977
0.762528
0.752743
0.733763
0.723356
0.759919
0.754329
0.736596
0.721727
0.760788
0.755752
0.736706
0.720456
0.761875
0.752692
0.736635
0.723718
0.762107
0.752351
0.735722
0.720367
0.761428
0.752854
0.735962
0.719359
0.762856
0.756349
0.736317
0.723208
0.762380
0.756399
0.737109
0.718026
0.762561
0.757287
0.736349
0.718259
0.760700
0.757636
0.734805
0.723630
0.761728
0.757264
0.737337
0.722222
0.760996
0.756133
0.734817
0.724518
0.762491
0.754057
0.734501
0.721999
0.761209
0.756739
0.738221
0.717968
0.761593
0.755704
0.733940
0.722378
0.762547
0.756296
0.735254
0.717551
0.761948
0.756498
0.735466
0.722203
0.762070
0.755327
0.735083
0.719185
0.760899
0.755160
0.736371
0.721307
0.760162
0.754588
0.738614
0.718999
0.757059
0.757199
0.738318
0.718535
0.755332
0.758091
0.691021
0.637167
0.854340
0.726172
0.645745
0.766269
0.711200
0.765419
0.810248
0.739001
0.767527
0.754263
0.782261
0.754179
0.735741
0.783410
0.752330
0.741293
0.750583
0.768219
0.727144
0.727258
0.760918
0.760167
0.717827
0.721836
0.767332
0.751888
0.714948
0.713790
0.780103
0.745745
0.722209
0.715032
0.781882
0.747888
0.737563
0.716084
0.779496
0.754620
0.741122
0.723094
0.772819
0.754708
0.746457
0.730212
0.761285
0.755619
0.746137
0.726489
0.751098
0.756098
0.737790
0.721855
0.742954
0.760941
0.740154
0.724086
0.748066
0.757112
0.737329
0.723003
0.752405
0.762533
0.867268
0.648898
0.887486
0.782855
0.767613
0.714320
0.793588
0.745680
0.751424
0.713879
0.785453
0.754218
0.777427
0.746428
0.747138
0.775742
0.778922
0.736278
0.754004
0.767008
0.677080
0.721867
0.758917
0.758675
0.676244
0.716894
0.763273
0.758037
0.725903
0.704123
0.770561
0.750702
0.717478
0.710187
0.774575
0.749906
0.730005
0.715836
0.773006
0.753150
0.741448
0.719637
0.769199
0.754717
0.751653
0.728021
0.763436
0.760907
0.755632
0.724965
0.759300
0.758607
0.750956
0.726314
0.757440
0.758398
0.738375
0.730727
0.759326
0.757221
0.740540
0.722305
0.762372
0.762813
0.742513
0.635540
0.797155
0.783673
0.696791
0.775705
0.762717
0.753313
0.756568
0.711893
0.790034
0.713410
0.735961
0.756774
0.744521
0.780029
0.772139
0.746530
0.746944
0.775238
0.717032
0.728888
0.768557
0.760652
0.755210
0.723182
0.769833
0.757860
0.702315
0.711963
0.783099
0.750162
0.724213
0.707551
0.784079
0.750178
0.741143
0.715033
0.779662
0.757188
0.742010
0.725808
0.772859
0.756292
0.745537
0.729045
0.759734
0.761643
0.745026
0.729328
0.751468
0.760305
0.742133
0.724553
0.748705
0.764328
0.740581
0.725687
0.754534
0.760984
0.736956
0.724054
0.760000
0.757044
0.856256
0.667026
0.890658
0.975702
0.716240
0.668164
0.832828
0.754359
0.819015
0.762062
0.764412
0.783368
0.747637
0.734685
0.735691
0.777487
0.803693
0.751104
0.746737
0.771165
0.714028
0.737372
0.758826
0.768123
0.707808
0.727510
0.764131
0.756331
0.695786
0.706650
0.770693
0.751328
0.715619
0.706167
0.779295
0.747726
0.732582
0.713745
0.778984
0.753575
0.744777
0.724853
0.775512
0.755906
0.750745
0.728976
0.765743
0.760816
0.758409
0.729631
0.757414
0.764495
0.750403
0.724598
0.751523
0.763299
0.745359
0.722549
0.753210
0.763606
0.737546
0.721418
0.754093
0.758381
0.894579
0.623371
0.884827
0.910470
0.668737
0.664212
0.737803
0.794376
0.810825
0.755088
0.757130
0.799067
0.760303
0.736318
0.740479
0.763191
0.761592
0.747781
0.738847
0.775804
0.718676
0.729081
0.756549
0.766402
0.752245
0.720566
0.762641
0.761125
0.694091
0.712681
0.777367
0.755634
0.711851
0.707417
0.780712
0.748343
0.740186
0.715557
0.773684
0.755718
0.742950
0.714667
0.768974
0.756469
0.747702
0.726276
0.762407
0.761377
0.748625
0.723076
0.758920
0.761888
0.745888
0.727175
0.756799
0.761886
0.739727
0.717157
0.756148
0.758242
0.741965
0.720286
0.759522
0.760144
0.538507
0.720292
0.821396
0.699780
0.828789
0.811745
0.752346
0.840660
0.777978
0.752150
0.765023
0.802760
0.708953
0.729407
0.752702
0.768800
0.780656
0.755076
0.748072
0.776007
0.756595
0.733825
0.764457
0.762883
0.689875
0.733756
0.767103
0.766055
0.726351
0.720055
0.775451
0.755418
0.730875
0.718263
0.780847
0.752911
0.735742
0.715556
0.777348
0.755122
0.740048
0.716474
0.776677
0.755775
0.742303
0.724179
0.770069
0.761726
0.743369
0.725923
0.761953
0.758114
0.741354
0.721836
0.757011
0.760403
0.735534
0.714279
0.754742
0.760534
0.746160
0.720627
0.759964
0.761268
0.705132
0.570020
0.825739
0.842338
0.751747
0.697659
0.807958
0.806811
0.771885
0.772714
0.773083
0.788555
0.771389
0.731407
0.742832
0.775408
0.773068
0.757722
0.743189
0.780244
0.773096
0.742262
0.762501
0.769879
0.718470
0.734881
0.769545
0.766896
0.722677
0.714931
0.774636
0.755053
0.710684
0.706594
0.786084
0.747157
0.726402
0.712846
0.785387
0.747426
0.739509
0.721424
0.781788
0.755156
0.748956
0.723976
0.778007
0.758649
0.750735
0.729822
0.765671
0.760077
0.747912
0.730677
0.754909
0.761403
0.737233
0.725398
0.749095
0.764247
0.740712
0.723549
0.751597
0.764022
1.223590
0.593441
0.785177
0.416514
0.699261
0.765710
0.781896
0.793361
0.774650
0.747308
0.780302
0.755461
0.771145
0.750380
0.748707
0.788187
0.741859
0.744006
0.753366
0.776169
0.778363
0.728577
0.768772
0.767258
0.697466
0.723110
0.768010
0.762243
0.685589
0.704233
0.772493
0.754243
0.717966
0.701876
0.776861
0.749830
0.742560
0.722914
0.776328
0.756427
0.743959
0.720821
0.773389
0.758079
0.755204
0.726771
0.767143
0.761228
0.753259
0.728634
0.761977
0.762750
0.748100
0.722166
0.759925
0.760839
0.741965
0.719963
0.760220
0.757089
0.737085
0.718951
0.761869
0.760649
0.889746
0.611121
0.882422
0.736681
0.664639
0.721206
0.741092
0.810001
0.771163
0.746519
0.786539
0.772884
0.751766
0.754264
0.739237
0.780006
0.819357
0.749632
0.748422
0.769833
0.745588
0.746951
0.762521
0.771334
0.756090
0.719421
0.768091
0.765179
0.715904
0.714783
0.776591
0.752256
0.713993
0.706596
0.787128
0.744905
0.731047
0.711758
0.788606
0.752251
0.743083
0.719316
0.782125
0.756991
0.750733
0.724413
0.772728
0.764647
0.751290
0.723664
0.759414
0.767263
0.744454
0.723998
0.749662
0.763943
0.738795
0.723001
0.747848
0.764089
0.734187
0.724655
0.754251
0.763233
0.710877
0.644697
0.800516
0.603431
0.748882
0.791042
0.713995
0.777755
0.803941
0.731497
0.794857
0.747885
0.702188
0.757763
0.745753
0.779673
0.772810
0.746667
0.756620
0.775935
0.737417
0.735881
0.772713
0.765004
0.699954
0.728310
0.768452
0.761463
0.717122
0.711933
0.777579
0.757199
0.729011
0.718634
0.781398
0.752032
0.738031
0.722978
0.775905
0.757531
0.742565
0.723992
0.772487
0.761752
0.748442
0.720489
0.763718
0.764678
0.740281
0.725364
0.758178
0.762540
0.739518
0.722386
0.754961
0.762194
0.731245
0.720985
0.757583
0.757966
0.653642
0.757881
0.714498
0.759517
0.830670
0.668848
0.795494
0.605440
0.752666
0.755896
0.754489
0.806861
0.773239
0.712712
0.763213
0.738517
0.735913
0.761762
0.744126
0.791403
0.789883
0.745846
0.761683
0.782648
0.736255
0.742358
0.765878
0.771078
0.642243
0.720326
0.764510
0.762781
0.713789
0.700026
0.772625
0.747966
0.719035
0.707847
0.782060
0.744834
0.741164
0.717800
0.780556
0.752119
0.745393
0.720370
0.776501
0.762490
0.751020
0.725881
0.771259
0.760269
0.749530
0.727922
0.760771
0.765238
0.745022
0.728227
0.757317
0.760210
0.738845
0.725076
0.755370
0.762464
0.732320
0.721107
0.759085
0.759626
0.737018
0.722769
0.769000
0.758974
1.121809
0.578781
0.846835
0.541894
0.649818
0.786888
0.756438
0.792811
0.822554
0.737354
0.769065
0.790286
0.693774
0.758461
0.741416
0.789299
0.793241
0.746236
0.745094
0.773020
0.691556
0.725584
0.755919
0.764776
0.628735
0.716992
0.768418
0.769546
0.715980
0.705360
0.774226
0.746742
0.728674
0.708838
0.780483
0.747632
