0.722279
0.707922
0.751078
0.743713
0.722878
0.708137
0.750863
0.740465
0.724661
0.712065
0.753004
0.741447
0.723212
0.715187
0.752311
0.740493
0.723694
0.713356
0.753002
0.739709
0.724043
0.714593
0.752302
0.742347
0.722991
0.712359
0.750597
0.739564
0.722570
0.711066
0.750238
0.744011
0.723054
0.709026
0.750991
0.744309
0.720761
0.714839
0.751770
0.743804
0.725203
0.712133
0.751551
0.740499
0.720913
0.712195
0.750654
0.744157
0.722731
0.709909
0.750468
0.742016
0.720920
0.706738
0.750654
0.741421
0.724574
0.710691
0.750088
0.743765
0.722715
0.710878
0.750869
0.744756
0.725298
0.710602
0.750034
0.744225
0.723658
0.716270
0.750900
0.740525
0.724597
0.710536
0.750423
0.742042
0.729082
0.713117
0.750379
0.744405
0.978138
0.686570
0.795301
0.657740
0.656592
0.716006
0.755348
0.788565
0.732687
0.738450
0.728818
0.716609
0.717414
0.717035
0.752401
0.731196
0.730447
0.740423
0.723575
0.743731
0.711578
0.714891
0.741892
0.737580
0.698405
0.710393
0.747636
0.734592
0.696323
0.700371
0.748821
0.727916
0.698246
0.705277
0.756857
0.726921
0.710745
0.706098
0.755932
0.732150
0.718917
0.713726
0.754664
0.733351
0.731978
0.720551
0.747296
0.740996
0.733662
0.720870
0.743113
0.742712
0.724473
0.717777
0.738056
0.741484
0.718395
0.720908
0.740387
0.735395
0.715017
0.719313
0.742486
0.738909
0.718565
0.714780
0.747730
0.734423
1.062292
0.544776
0.799541
0.678265
0.767273
0.789686
0.807782
0.780359
0.757946
0.727953
0.755704
0.730330
0.741317
0.748477
0.729235
0.760984
0.743836
0.728375
0.735299
0.738605
0.707077
0.718559
0.745683
0.735620
0.689179
0.710228
0.749342
0.731987
0.688763
0.702374
0.753632
0.732929
0.701431
0.702620
0.757830
0.728880
0.713395
0.707403
0.758435
0.729945
0.724045
0.710745
0.754468
0.734141
0.725620
0.715471
0.747352
0.735775
0.724734
0.717399
0.741035
0.739718
0.720234
0.714041
0.735931
0.739379
0.711639
0.713642
0.731659
0.736255
0.713135
0.710302
0.731952
0.735412
0.674639
0.597999
0.826489
0.678327
0.655595
0.727400
0.740938
0.723404
0.797031
0.723874
0.735923
0.720994
0.698144
0.716112
0.733143
0.753625
0.721392
0.728789
0.715489
0.748809
0.710744
0.708177
0.747620
0.733898
0.708890
0.712623
0.742764
0.741002
0.686945
0.703944
0.750382
0.733861
0.713423
0.710879
0.757077
0.737068
0.715820
0.712288
0.759609
0.740392
0.726049
0.716896
0.757028
0.741830
0.720865
0.720901
0.753616
0.741277
0.720741
0.721789
0.749023
0.744190
0.722474
0.718623
0.749692
0.741912
0.722170
0.718235
0.748617
0.742022
0.726224
0.719038
0.748400
0.745331
0.835317
0.636352
0.733791
0.506749
0.664089
0.812698
0.836364
0.811925
0.795806
0.710515
0.751216
0.706132
0.727925
0.728328
0.726106
0.769407
0.723133
0.731836
0.732343
0.743970
0.714302
0.717933
0.760096
0.744472
0.717177
0.713069
0.757206
0.745195
0.713199
0.703815
0.762743
0.735091
0.715203
0.712604
0.761838
0.737687
0.727130
0.717841
0.761714
0.744540
0.730847
0.723873
0.757312
0.743409
0.731902
0.726668
0.749851
0.746020
0.725138
0.719684
0.742415
0.744165
0.724875
0.722551
0.743690
0.745763
0.812775
0.714053
0.697891
0.737268
0.759274
0.679916
0.753325
0.730705
0.732579
0.765701
0.780711
0.773340
0.787181
0.732456
0.759511
0.748409
0.746015
0.743968
0.737968
0.759558
0.730121
0.724076
0.746673
0.757647
0.705642
0.711935
0.754403
0.745030
0.703025
0.713600
0.759765
0.739940
0.709786
0.701209
0.765201
0.734687
0.712391
0.707526
0.762813
0.740058
0.724979
0.721373
0.763724
0.745930
0.733543
0.725029
0.758728
0.748635
0.741501
0.726754
0.751542
0.749678
0.736553
0.727865
0.746295
0.748471
0.730106
0.725199
0.744541
0.750920
0.730133
0.718426
0.750135
0.750044
0.806444
0.608298
0.890302
0.559122
0.746200
0.761254
0.804794
0.800412
0.761607
0.700448
0.759544
0.736434
0.778553
0.726749
0.743483
0.777579
0.738644
0.712457
0.748740
0.754350
0.712758
0.702679
0.760580
0.750836
0.714597
0.701638
0.762394
0.749847
0.710810
0.697618
0.770157
0.745366
0.718847
0.706832
0.765210
0.745533
0.729385
0.707012
0.763985
0.748235
0.737527
0.716248
0.764465
0.752124
0.741759
0.721713
0.760125
0.753620
0.741582
0.715316
0.757808
0.755540
0.732978
0.715698
0.756831
0.756222
0.736922
0.709746
0.758713
0.752251
0.575748
0.683222
0.817815
0.828166
0.483933
0.742285
0.803606
0.740969
0.783790
0.787197
0.778048
0.806516
0.743922
0.778948
0.781312
0.795346
0.788305
0.787438
0.756812
0.792106
0.754871
0.767066
0.776328
0.780057
0.737781
0.753555
0.780405
0.776914
0.738331
0.750615
0.788191
0.768643
0.739513
0.746457
0.792948
0.763290
0.748080
0.747715
0.790613
0.772066
0.763604
0.755257
0.791513
0.771276
0.770344
0.762886
0.788242
0.778089
0.775915
0.763626
0.780736
0.779889
0.768182
0.763558
0.775136
0.782209
0.766398
0.759526
0.775013
0.778816
0.763589
0.763055
0.777672
0.777937
0.790676
0.759370
0.732835
0.760830
1.061704
0.703916
0.802836
0.777406
0.802107
0.816273
0.814633
0.832052
0.789311
0.769139
0.802390
0.764971
0.768879
0.800527
0.765021
0.802623
0.778512
0.774921
0.767818
0.787194
0.744479
0.761846
0.779312
0.780532
0.730469
0.753053
0.780193
0.774566
0.750794
0.746999
0.789936
0.764439
0.747277
0.744000
0.789907
0.766536
0.751862
0.753331
0.790551
0.773354
0.754986
0.754733
0.785401
0.774970
0.764283
0.758398
0.778308
0.778197
0.765111
0.757308
0.775076
0.780319
0.762577
0.765133
0.774334
0.780865
0.757010
0.756312
0.776706
0.779194
0.752322
0.753904
0.780003
0.777250
0.783745
0.679319
0.794462
0.741849
0.800864
0.817142
0.838841
0.836267
0.797867
0.748188
0.803663
0.778013
0.812663
0.778753
0.754462
0.807963
0.767040
0.757958
0.761754
0.789124
0.742811
0.752219
0.784829
0.778449
0.731496
0.746916
0.784041
0.775168
0.729733
0.732601
0.787105
0.765106
0.740014
0.735961
0.787308
0.769559
0.750862
0.746870
0.788998
0.773955
0.761063
0.749831
0.788474
0.774647
0.768127
0.754012
0.784608
0.777582
0.761513
0.751954
0.781269
0.778194
0.758358
0.748708
0.779977
0.778479
0.755355
0.751070
0.782855
0.777273
0.797005
0.654167
0.728492
0.892579
0.644645
0.786262
0.807317
0.747213
0.785631
0.787200
0.803742
0.798320
0.773418
0.776028
0.777737
0.796865
0.788488
0.779092
0.760801
0.792187
0.771239
0.762387
0.778795
0.780242
0.730699
0.745649
0.778474
0.776908
0.724655
0.732608
0.784103
0.768582
0.726745
0.726624
0.792318
0.756287
0.737910
0.734980
0.792683
0.764646
0.752776
0.744183
0.791374
0.769288
0.757579
0.741258
0.784569
0.776304
0.760521
0.751318
0.778297
0.776826
0.756847
0.745604
0.771573
0.777030
0.746828
0.749336
0.769745
0.777466
0.737333
0.747983
0.772017
0.773292
0.759593
0.739538
0.757893
0.783354
0.726158
0.673718
0.741544
0.747409
0.785623
0.792521
0.814020
0.819211
0.787241
0.745148
0.793224
0.759964
0.825381
0.776466
0.757522
0.792537
0.769525
0.756914
0.757816
0.789586
0.735719
0.739564
0.773308
0.772649
0.726150
0.734954
0.776064
0.765041
0.727854
0.726893
0.784997
0.759150
0.735813
0.732622
0.783248
0.763004
0.744126
0.737689
0.785192
0.767847
0.752077
0.745159
0.783100
0.766913
