0.739334
0.739123
0.773982
0.765862
0.741481
0.737094
0.773309
0.766483
0.741334
0.745197
0.777407
0.767619
0.741966
0.740184
0.775505
0.766678
0.740121
0.735676
0.772298
0.769934
0.740354
0.737088
0.770426
0.771111
0.740233
0.743560
0.773329
0.767230
0.742601
0.739260
0.772059
0.770513
0.740271
0.742730
0.774239
0.765803
0.742732
0.741869
0.773900
0.771900
0.745307
0.740891
0.773220
0.767738
0.746299
0.747046
0.774470
0.767602
0.741144
0.746172
0.771617
0.769434
0.740510
0.736867
0.771850
0.772062
0.744102
0.746096
0.773213
0.767305
0.746591
0.741299
0.775136
0.768469
0.744009
0.737722
0.772038
0.771823
0.739250
0.739005
0.772617
0.771506
0.740560
0.742111
0.774609
0.769192
0.743236
0.746179
0.775632
0.767398
0.740178
0.740492
0.774095
0.769375
0.742402
0.741429
0.772357
0.766289
0.742480
0.743576
0.773546
0.767976
0.743467
0.740048
0.775208
0.767313
0.738676
0.743105
0.776277
0.771572
0.743232
0.738745
0.775416
0.769296
0.742044
0.745227
0.773600
0.767886
0.738982
0.738616
0.770259
0.767938
0.738714
0.735487
0.771850
0.770110
0.742397
0.740495
0.769394
0.769929
0.768796
0.737320
0.790616
0.764221
0.618746
0.650320
0.837929
0.721561
0.732473
0.780557
0.786908
0.758537
0.765311
0.717651
0.741647
0.733963
0.746952
0.731175
0.726391
0.752838
0.719772
0.722057
0.713304
0.751166
0.699923
0.704213
0.749496
0.731229
0.688343
0.703907
0.753323
0.733386
0.699620
0.714539
0.763780
0.737135
0.713056
0.715963
0.760375
0.745235
0.729006
0.721590
0.760627
0.747782
0.741347
0.737487
0.757883
0.749384
0.741147
0.736606
0.750742
0.750030
0.734577
0.733614
0.749512
0.754354
0.735997
0.742377
0.750319
0.754779
0.724880
0.731371
0.755515
0.747704
0.719557
0.728278
0.758068
0.746427
0.714762
0.723379
0.758247
0.744919
0.718378
0.722080
0.764770
0.744215
0.727804
0.730961
0.764346
0.750056
0.737342
0.735754
0.763801
0.752188
1.192407
0.763289
0.794861
0.827568
0.719513
0.781195
0.741066
0.754758
0.761304
0.734390
0.763113
0.713334
0.689483
0.762088
0.743620
0.762146
0.752777
0.742063
0.747586
0.751592
0.700279
0.712199
0.762815
0.735189
0.703813
0.721142
0.759138
0.739497
0.696117
0.700521
0.769822
0.735977
0.709084
0.704349
0.773248
0.737680
0.725997
0.718610
0.769070
0.745261
0.734664
0.724337
0.757165
0.750460
0.743423
0.740636
0.745921
0.757074
0.738755
0.740382
0.740181
0.757328
0.725744
0.734302
0.739939
0.753382
0.722467
0.722898
0.745299
0.751990
0.713186
0.725955
0.753314
0.748525
0.717661
0.722227
0.758992
0.741358
0.719382
0.719565
0.760292
0.740832
0.904836
0.594624
0.772663
0.723215
0.690114
0.648446
0.745390
0.829086
0.716994
0.814813
0.778569
0.779764
0.748475
0.701909
0.748724
0.753899
0.729892
0.770647
0.734475
0.767717
0.736151
0.734040
0.761885
0.746077
0.712606
0.733734
0.759079
0.748472
0.717124
0.714350
0.767120
0.739210
0.715936
0.716263
0.771192
0.740135
0.726522
0.720522
0.767565
0.745005
0.732721
0.726415
0.765071
0.746794
0.733942
0.734745
0.756601
0.749916
0.740463
0.733041
0.750331
0.756547
0.734808
0.738576
0.747715
0.749876
0.727863
0.732043
0.747432
0.751326
0.718170
0.726983
0.750840
0.749144
0.720528
0.719252
0.751701
0.745124
0.718628
0.723554
0.757859
0.742664
0.725886
0.716022
0.758286
0.744340
0.731288
0.724716
0.760338
0.747282
0.733495
0.726683
0.760128
0.745880
0.731526
0.733588
0.758304
0.750184
0.733754
0.726580
0.756074
0.751160
0.732485
0.731927
0.755965
0.749117
0.732073
0.735401
0.758151
0.746659
0.734038
0.734098
0.758750
0.748078
0.730849
0.724660
0.758505
0.749800
0.826708
0.733059
0.918758
0.839496
0.703446
0.756750
0.733322
0.854746
0.747816
0.741982
0.795058
0.832760
0.716454
0.698301
0.872155
0.735400
0.736722
0.727999
0.718454
0.761975
0.709862
0.692911
0.750773
0.728613
0.715556
0.718259
0.753808
0.743673
0.719739
0.712635
0.757249
0.748177
0.722348
0.724431
0.754605
0.747851
0.735166
0.732997
0.754131
0.747681
0.735670
0.722652
0.750476
0.750042
0.733506
0.730336
0.750689
0.749833
0.734259
0.733275
0.757213
0.746792
0.730339
0.734257
0.757881
0.749852
0.725248
0.726746
0.761504
0.744504
0.731442
0.725828
0.760170
0.744000
0.725062
0.726867
0.756776
0.747481
0.727788
0.732048
0.755847
0.749012
0.732578
0.726609
0.754199
0.746176
0.734726
0.729917
0.755356
0.750746
0.735768
0.731685
0.756709
0.752106
0.606674
0.725379
0.955443
0.781805
0.666438
0.806504
0.753054
0.824189
0.782988
0.689440
0.765969
0.767241
0.736373
0.700167
0.754807
0.720433
0.745803
0.759507
0.723718
0.760113
0.716170
0.699154
0.764971
0.734852
0.706995
0.707208
0.765381
0.730653
0.718684
0.715662
0.760242
0.743459
0.723684
0.713277
0.771404
0.739749
0.735546
0.734562
0.757746
0.753940
0.741445
0.730737
0.755162
0.749011
0.739145
0.733731
0.746716
0.752346
0.734922
0.727305
0.748337
0.749662
0.725953
0.727284
0.751290
0.747849
0.719974
0.717344
0.757571
0.743014
0.719226
0.716122
0.761130
0.743433
0.721690
0.715830
0.761329
0.743900
0.726353
0.716966
0.759365
0.744643
0.729772
0.721840
0.754495
0.744776
0.736440
0.715043
0.752348
0.750418
0.625323
0.856170
0.726912
0.811306
0.720862
0.846948
0.716211
0.780058
0.748178
0.579506
0.784961
0.726698
0.748139
0.762503
0.726876
0.764185
0.733455
0.720918
0.764582
0.757384
0.717994
0.722853
0.771729
0.742798
0.729229
0.727191
0.770400
0.742616
0.728492
0.718603
0.780479
0.736616
0.739020
0.728254
0.769158
0.752188
0.739908
0.725537
0.765105
0.745822
0.737502
0.729064
0.753584
0.750649
0.733573
0.734783
0.748875
0.746679
0.729652
0.734539
0.747555
0.747286
0.726413
0.719477
0.750037
0.747375
0.726325
0.731405
0.756469
0.746588
0.725475
0.726089
0.762146
0.745697
0.728633
0.722962
0.762029
0.747477
0.728562
0.713794
0.762845
0.746220
0.732955
0.726679
0.762614
0.743286
0.734921
0.721920
0.759641
0.748119
0.728275
0.725673
0.757947
0.749978
0.735243
0.728188
0.752635
0.750620
0.732369
0.729999
0.751600
0.752717
0.613166
0.625694
0.696424
0.862550
0.714958
0.792980
0.740932
0.782233
0.779700
0.669552
0.767426
0.520198
0.709740
0.719136
0.754083
0.734884
0.716751
0.728021
0.716193
0.747651
0.699219
0.675525
0.769353
0.724279
0.714931
0.713855
0.741211
0.756704
0.729268
0.723318
0.753750
0.749041
0.735501
0.725718
0.752236
0.749132
0.738056
0.739724
0.748849
0.757256
0.736040
0.727034
0.754722
0.748770
0.734671
0.729797
0.758302
0.750461
0.726582
0.723326
0.761704
0.741232
0.726111
0.728603
0.760288
0.748470
0.724724
0.722049
0.764387
0.744204
0.726237
0.725197
0.758414
0.749409
0.729470
0.726285
0.757318
0.745935
0.726357
0.731353
0.751547
0.750400
0.732801
0.728936
0.751900
0.749589
0.731076
0.726160
0.757317
0.751279
0.678559
0.586711
0.868484
1.041520
0.685226
0.814920
0.727959
0.917573
0.743914
0.665205
0.785332
0.637176
0.715186
0.743110
0.757555
0.696005
0.722738
0.747877
0.737046
0.753777
0.711611
0.699610
0.774189
0.720674
0.725561
0.733797
0.755453
0.755630
0.731000
0.717688
0.761306
0.745157
0.733613
0.729215
0.754480
0.749450
0.737990
0.729310
0.752982
0.749850
0.731365
0.725552
0.751190
0.752504
0.725160
0.723598
0.753836
0.747750
0.723954
0.722726
0.754827
0.747919
0.723722
0.722211
0.759064
0.743605
0.721413
0.722328
0.762022
0.745090
0.729739
0.721011
0.757068
0.747566
0.733900
0.731259
0.758673
0.748975
0.730813
0.721993
0.755645
0.751036
0.740150
0.888897
0.762685
0.892874
0.672640
0.744281
0.730455
0.737201
0.740968
0.792938
0.741636
0.879186
0.713829
0.693887
0.804218
0.764286
0.733227
0.747184
0.717834
0.738048
0.731879
0.717776
0.782440
0.734201
0.729940
0.727123
0.764326
0.748924
0.737704
0.728968
0.769423
0.751588
0.732308
0.726560
0.762189
0.749555
