0.497680
0.394628
0.499634
0.498657
0.394383
0.500855
0.498657
0.392674
0.501587
0.499390
0.392430
0.502076
0.499145
0.394139
0.500122
0.498657
0.391697
0.500855
0.498413
0.393651
0.500611
0.498901
0.395116
0.501587
0.498413
0.392674
0.499634
0.498413
0.393162
0.501099
0.498169
0.393895
0.500122
0.499390
0.393162
0.498657
0.498413
0.392918
0.500122
0.498657
0.394383
0.500611
0.499145
0.392186
0.499634
0.498901
0.394139
0.500366
0.498169
0.393162
0.499634
0.498657
0.394628
0.501099
0.499390
0.393162
0.498413
0.498657
0.394628
0.500611
0.498901
0.393162
0.500611
0.499390
0.393651
0.501099
0.600000
0.539683
0.318926
0.555067
0.410745
0.497924
0.447375
0.395604
0.465690
0.546032
0.401465
0.487424
0.549695
0.374847
0.507448
0.532357
0.401465
0.500122
0.424664
0.387302
0.486447
0.492308
0.399756
0.528938
0.475702
0.396581
0.506960
0.476679
0.392918
0.504029
0.486691
0.392186
0.499634
0.492796
0.389744
0.502564
0.497192
0.388767
0.506227
0.498169
0.389255
0.505983
0.494506
0.393162
0.506227
0.501099
0.401221
0.505983
0.502076
0.398535
0.501099
0.509158
0.388767
0.499634
0.511111
0.388034
0.496215
0.499634
0.394628
0.495238
0.494261
0.394628
0.497436
0.491819
0.395116
0.502076
0.494261
0.570696
0.282295
0.611966
0.459829
0.580708
0.494994
0.408791
0.489377
0.506227
0.391209
0.448107
0.556044
0.373382
0.449084
0.507937
0.370696
0.502076
0.450549
0.394628
0.487668
0.491819
0.403175
0.505250
0.474481
0.402442
0.514774
0.477900
0.396093
0.505983
0.476923
0.391941
0.495238
0.493529
0.390720
0.500122
0.493773
0.388034
0.498657
0.500122
0.387790
0.500122
0.494506
0.391941
0.501099
0.491331
0.395116
0.502808
0.494017
0.402930
0.505495
0.509890
0.398535
0.492308
0.508425
0.389011
0.492796
0.515751
0.388034
0.494994
0.507692
0.392186
0.472772
0.495482
0.397802
0.494994
0.517460
0.595849
0.524542
0.491331
0.392186
0.571673
0.372161
0.400733
0.447619
0.587546
0.386813
0.464957
0.527473
0.383150
0.465934
0.513797
0.397070
0.486691
0.508425
0.407814
0.505006
0.491087
0.405861
0.504274
0.479854
0.396581
0.511355
0.480098
0.390720
0.506227
0.484249
0.393651
0.500122
0.487912
0.391209
0.502320
0.495727
0.388278
0.504762
0.499145
0.386081
0.505495
0.495971
0.390720
0.503053
0.489133
0.391453
0.504029
0.488889
0.396581
0.505739
0.495238
0.407326
0.509158
0.518193
0.398779
0.497680
0.511600
0.390720
0.495482
0.520635
0.385836
0.493529
0.394872
0.481075
0.235897
0.555311
0.425885
0.551404
0.465690
0.403175
0.452747
0.532357
0.400977
0.473749
0.597070
0.352381
0.548474
0.349206
0.393407
0.454212
0.531380
0.402442
0.509890
0.480098
0.395116
0.504762
0.483028
0.396825
0.504029
0.482051
0.391697
0.504518
0.489377
0.392186
0.502320
0.494506
0.390965
0.501832
0.495238
0.392186
0.504029
0.497924
0.389255
0.504029
0.498657
0.398535
0.508913
0.507937
0.401954
0.504029
0.508181
0.393895
0.499634
0.509402
0.389255
0.495238
0.503053
0.390720
0.496703
0.498901
0.393162
0.499634
0.495238
0.395849
0.501587
0.505983
0.567521
0.354823
0.677167
0.404396
0.559707
0.467399
0.435897
0.475702
0.471795
0.365812
0.451770
0.492796
0.392918
0.526984
0.530647
0.395604
0.461783
0.493285
0.400977
0.488889
0.505006
0.395360
0.513309
0.480586
0.395360
0.510623
0.483028
0.393162
0.502808
0.484982
0.392674
0.496703
0.492308
0.389255
0.496459
0.496215
0.389499
0.498657
0.498169
0.390720
0.496459
0.496459
0.392430
0.499145
0.500855
0.400488
0.499145
0.507448
0.401221
0.487912
0.506471
0.391209
0.486447
0.510134
0.390232
0.487424
0.500122
0.392430
0.489377
0.495238
0.394628
0.493529
0.493285
0.314286
0.402442
0.505739
0.403663
0.510379
0.547009
0.395360
0.520147
0.532601
0.358486
0.440781
0.532845
0.374115
0.453968
0.511844
0.387057
0.454212
0.499390
0.412698
0.477412
0.490598
0.408059
0.504274
0.472528
0.399756
0.512088
0.477900
0.392186
0.511111
0.484493
0.390720
0.503053
0.487912
0.394139
0.496703
0.490843
0.390232
0.495727
0.495727
0.386813
0.499145
0.496948
0.389255
0.501099
0.492796
0.392918
0.500122
0.489133
0.393407
0.501343
0.486935
0.395116
0.500611
0.494261
0.398779
0.499390
0.514286
0.399512
0.489866
0.511844
0.392918
0.484738
0.514042
0.422711
0.404884
0.814408
0.411233
0.263736
0.563126
0.447375
0.516728
0.477656
0.376068
0.488401
0.541148
0.404884
0.449573
0.486691
0.392430
0.479121
0.495971
0.397558
0.495238
0.496459
0.401709
0.513065
0.470574
0.395849
0.507937
0.485226
0.394139
0.502320
0.486203
0.393407
0.498657
0.490843
0.389499
0.496215
0.495482
0.390232
0.497192
0.496215
0.389011
0.496703
0.492308
0.392186
0.500366
0.494994
0.397314
0.503541
0.510379
0.398535
0.496948
0.506471
0.392674
0.490843
0.510623
0.388278
0.489133
0.501099
0.389499
0.488645
0.492308
0.396337
0.494017
0.564103
0.310867
0.464713
0.649573
0.374603
0.515751
0.345055
0.437607
0.410256
0.502320
0.383883
0.441026
0.487668
0.380220
0.465446
0.501099
0.398046
0.476679
0.491331
0.402930
0.504029
0.483517
0.402686
0.507937
0.479854
0.392430
0.510623
0.482784
0.390965
0.501587
0.484005
0.396093
0.496703
0.487912
0.391697
0.497924
0.494506
0.388034
0.500122
0.495482
0.389499
0.500122
0.491331
0.392674
0.500855
0.489377
0.392674
0.502564
0.490110
0.396581
0.510867
0.511600
0.401709
0.495727
0.508181
0.443956
0.491331
0.995849
0.386325
0.434432
0.536752
0.423199
0.529426
0.468376
0.363126
0.474725
0.560195
0.388034
0.460806
0.527717
0.391453
0.468376
0.452747
0.402198
0.484493
0.495238
0.398046
0.509402
0.474970
0.399023
0.517949
0.472283
0.393162
0.499634
0.483272
0.389255
0.496703
0.489622
0.391209
0.496215
0.492796
0.389744
0.499390
0.495238
0.390232
0.497192
0.494750
0.390720
0.497192
0.490354
0.391209
0.501099
0.496459
0.402442
0.501587
0.509890
0.399023
0.494994
0.507937
0.389744
0.492064
0.512576
0.389744
0.489622
0.502076
0.462271
0.448596
0.995360
0.410256
0.577289
0.594872
0.398046
0.454457
0.234432
0.372650
0.410501
0.549939
0.390720
0.600244
0.560195
0.388034
0.493773
0.493285
0.394872
0.499634
0.496703
0.393162
0.506227
0.483028
0.395604
0.501587
0.484005
0.395116
0.500122
0.487180
0.392430
0.496948
0.491819
0.390965
0.498413
0.495727
0.393651
0.499390
0.498657
0.396337
0.497680
0.503053
0.397070
0.488401
