0.497436
0.392918
0.498413
0.497192
0.394628
0.496459
0.497924
0.393651
0.497436
0.498169
0.393407
0.496215
0.496948
0.393651
0.497436
0.497680
0.393407
0.497680
0.497436
0.392430
0.496215
0.497192
0.392186
0.497680
0.497924
0.394628
0.497192
0.497680
0.394139
0.496459
0.496703
0.394872
0.496948
0.497192
0.393895
0.496215
0.497192
0.394139
0.497436
0.496703
0.393162
0.497436
0.498169
0.392674
0.494994
0.497924
0.394628
0.495482
0.497924
0.394872
0.496703
0.497680
0.393895
0.497192
0.497680
0.393651
0.496215
0.498413
0.392918
0.496948
0.497680
0.392674
0.496459
0.496948
0.395116
0.494750
0.496948
0.392918
0.495482
0.497192
0.394628
0.499145
0.497924
0.392430
0.496215
0.497680
0.393895
0.496215
0.496703
0.392674
0.495727
0.496703
0.393162
0.496215
0.497436
0.392918
0.497192
0.497680
0.392918
0.495727
0.497192
0.392918
0.496215
0.497436
0.394628
0.497192
0.496948
0.395849
0.496703
0.497192
0.392918
0.496703
0.497436
0.394628
0.497680
0.496703
0.392918
0.497680
0.498169
0.394139
0.497192
0.497680
0.392186
0.497436
0.498169
0.395604
0.496459
0.498169
0.394383
0.495482
0.497924
0.392918
0.498901
0.498413
0.394628
0.496948
0.497924
0.392186
0.498657
0.497192
0.394139
0.497924
0.497680
0.395116
0.496215
0.497436
0.394628
0.496703
0.498657
0.394139
0.497436
0.497924
0.393407
0.497680
0.497192
0.393651
0.496703
0.497680
0.394383
0.497436
0.497436
0.393162
0.496948
0.497680
0.393407
0.497924
0.497192
0.393407
0.495482
0.497192
0.394139
0.498657
0.498657
0.394139
0.496215
0.497436
0.394139
0.497436
0.496948
0.393162
0.496215
0.497680
0.392430
0.497680
0.498657
0.394139
0.495482
0.457143
0.399512
0.478144
0.670330
0.341148
0.484738
0.446398
0.422466
0.473016
0.495482
0.403419
0.507937
0.524786
0.404640
0.479609
0.508913
0.395604
0.488156
0.496703
0.396093
0.496215
0.482540
0.397314
0.502808
0.479121
0.399512
0.505983
0.481319
0.394628
0.500855
0.484005
0.391697
0.497924
0.488401
0.389255
0.499634
0.491331
0.390232
0.498413
0.493040
0.391941
0.505739
0.501099
0.399512
0.501587
0.502076
0.395849
0.491331
0.503053
0.387790
0.494261
0.501099
0.390232
0.492552
0.492796
0.526740
0.402198
0.996093
0.370696
0.479854
0.509402
0.402198
0.508913
0.538217
0.390965
0.501099
0.366789
0.406838
0.438828
0.546276
0.393895
0.477900
0.504029
0.394383
0.498169
0.486203
0.395360
0.498901
0.480830
0.398291
0.501587
0.480098
0.394628
0.502076
0.483761
0.392918
0.499390
0.488401
0.392674
0.499390
0.493285
0.390965
0.498169
0.496215
0.391941
0.502320
0.504518
0.397802
0.497192
0.500122
0.392674
0.493773
0.500611
0.391697
0.491819
0.494750
0.396093
0.490598
0.490598
0.393162
0.493529
0.388767
0.553846
0.527473
0.608547
0.404640
0.533822
0.523565
0.389744
0.488401
0.535531
0.409280
0.538217
0.338217
0.397070
0.449328
0.501343
0.396581
0.478388
0.500122
0.394139
0.497436
0.481319
0.394872
0.497924
0.482296
0.395849
0.499390
0.484982
0.393651
0.498413
0.490110
0.391941
0.499390
0.494750
0.393162
0.498413
0.497680
0.393895
0.500366
0.501343
0.395116
0.491819
0.498657
0.391697
0.490843
0.498169
0.392674
0.490843
0.494017
0.394139
0.490110
0.493040
0.392674
0.492796
0.207082
0.506227
0.413675
0.583639
0.445665
0.549939
0.551404
0.409524
0.497924
0.562637
0.409768
0.482051
0.305495
0.422955
0.459585
0.512576
0.388278
0.518437
0.494261
0.394383
0.507204
0.487424
0.395604
0.495727
0.486447
0.393651
0.498657
0.487180
0.392430
0.501343
0.493285
0.392674
0.501343
0.497436
0.391697
0.501587
0.502564
0.393407
0.499634
0.502076
0.394139
0.495482
0.502320
0.394139
0.493040
0.500122
0.395360
0.492308
0.497436
0.393651
0.491819
0.495971
0.393651
0.493529
0.496459
0.393895
0.497192
0.496215
0.394628
0.497924
0.497924
0.447375
0.472772
0.733089
0.431746
0.377289
0.478144
0.433211
0.466667
0.504518
0.422466
0.643468
0.386325
0.400977
0.461050
0.514774
0.388767
0.496459
0.499634
0.396337
0.492308
0.487912
0.394872
0.495238
0.485470
0.394872
0.497192
0.486935
0.393651
0.500855
0.491819
0.392186
0.500611
0.496215
0.393651
0.500611
0.500122
0.392674
0.500611
0.503053
0.392918
0.493285
0.500611
0.394139
0.491331
0.500122
0.393651
0.492064
0.496459
0.393651
0.492552
0.494017
0.393162
0.491575
0.494506
0.394872
0.493285
0.495482
0.394628
0.495727
0.497192
0.393407
0.498169
0.499145
0.393162
0.519658
0.646642
0.402442
0.490354
0.592430
0.390232
0.471062
0.522589
0.426618
0.600244
0.395849
0.378510
0.423199
0.493773
0.393651
0.478633
0.508913
0.394872
0.494994
0.494506
0.395116
0.498657
0.484005
0.394872
0.497924
0.486447
0.395604
0.499145
0.490354
0.391453
0.500366
0.493773
0.392186
0.502076
0.498657
0.392186
0.501587
0.500122
0.393895
0.493529
0.499145
0.394628
0.493529
0.496459
0.394139
0.491819
0.494506
0.395849
0.492308
0.493773
0.393407
0.491087
0.493285
0.393651
0.494506
0.494750
0.394628
0.494750
0.496459
0.392674
0.498901
0.497680
0.391941
0.462759
0.244689
0.470330
0.479121
0.579487
0.385592
0.476435
0.467888
0.401709
0.549939
0.494261
0.382906
0.490110
0.468132
0.391941
0.473260
0.485959
0.394628
0.487180
0.490354
0.397070
0.494994
0.483028
0.392186
0.499634
0.486691
0.394383
0.499634
0.489133
0.392186
0.497924
0.493773
0.393407
0.501099
0.498413
0.393162
0.498901
0.499390
0.393407
0.492796
0.498169
0.394139
0.490843
0.495238
0.393162
0.490354
0.493285
0.393651
0.490598
0.494261
0.395116
0.492552
0.492064
0.392186
0.492552
0.494261
0.394628
0.497436
0.495238
0.391697
0.496459
0.244933
0.503053
0.516239
0.640781
0.393651
0.493040
0.548962
0.431990
0.482051
0.284249
0.404884
0.416606
0.529426
0.390232
0.499634
0.511844
0.392674
0.498901
0.491819
0.394383
0.494750
0.482051
0.395116
0.495238
0.486203
0.392186
0.501587
0.488645
0.392918
0.497924
0.492308
0.392674
0.500855
0.496703
0.392674
0.498413
0.501099
0.392918
0.493285
0.499145
0.394139
0.490354
0.496459
0.393651
0.489866
0.494994
0.395360
0.491087
0.493040
0.395116
0.489622
0.492552
0.394383
0.491575
0.493529
0.394139
0.494750
0.271062
0.487424
0.292552
0.585836
0.431990
0.499634
0.519658
0.347009
0.467399
0.196825
0.373138
0.419292
0.465934
0.381685
0.469109
0.490110
0.391941
0.464713
0.494506
0.402686
0.493285
0.487180
0.403663
0.501587
0.473016
0.396825
0.504762
0.475702
0.394872
0.496459
0.480098
0.393651
0.495727
0.486935
0.392674
0.494017
0.490110
0.391697
0.496459
0.493285
0.389499
0.497192
0.491819
0.391941
0.497680
0.490598
0.394383
0.497680
0.488401
0.397802
0.511355
0.500611
0.397802
0.504029
0.505006
0.392186
0.490598
0.552869
0.180464
0.207082
0.814896
0.467643
0.541636
0.485714
0.388767
0.523565
0.274481
0.412698
0.416361
0.587057
0.374359
0.492552
0.493285
0.391697
0.467155
0.498901
0.409768
0.490598
0.481319
0.406349
0.504274
0.460806
0.392674
0.507937
0.474970
0.392918
0.490110
0.483028
0.391697
0.489377
0.489133
0.391209
0.492796
0.490598
0.389255
0.493773
0.492308
0.388767
0.496215
0.489133
0.390720
0.494261
0.485226
0.393895
0.495238
0.485959
0.396581
0.501587
0.494994
0.398535
0.504518
0.508425
0.395360
0.493529
0.512576
0.389744
0.489622
0.512332
0.388523
0.485714
0.498901
0.394139
0.481563
0.490843
0.395116
