0.762036
0.803461
0.800402
0.796052
0.777213
0.801962
0.790476
0.783495
0.775182
0.799620
0.781796
0.788493
0.779587
0.787581
0.793607
0.790414
0.769492
0.789182
0.787933
0.788686
0.735804
0.820562
0.797998
0.779858
0.764815
0.812610
0.765542
0.765327
0.771415
0.799835
0.787259
0.774506
0.791470
0.813074
0.782673
0.766564
0.769489
0.804263
0.795362
0.781150
0.796717
0.788220
0.755509
0.803503
0.763472
0.803079
0.783642
0.779027
0.789630
0.796605
0.788290
0.800580
0.759683
0.797740
0.789816
0.769758
0.767225
0.805057
0.789789
0.793125
0.772438
0.804722
0.799996
0.760653
0.768739
0.808548
0.801327
0.769134
0.778078
0.764760
0.792776
0.751427
0.780428
0.812133
0.794425
0.754897
0.767194
0.799691
0.792205
0.817197
0.768823
0.794282
0.782792
0.779549
0.771474
0.791083
0.797377
0.778425
0.770730
0.785696
0.795255
0.777518
0.767050
0.806467
0.799687
0.795804
0.771836
0.813087
0.792978
0.747669
0.768743
0.782964
0.789172
0.794573
0.767728
0.808052
0.800686
0.790577
0.771129
0.796432
0.789639
0.795390
0.762309
0.781023
0.802306
0.760470
0.787624
0.772396
0.807881
0.795270
0.736870
0.817993
0.796187
0.774528
1.001807
0.689633
0.750475
0.665440
0.721023
0.793745
0.738234
0.778305
0.804293
0.852165
0.797637
0.823796
0.801594
0.842308
0.777784
0.807349
0.843276
0.799684
0.779307
0.805816
0.813763
0.822622
0.793764
0.784536
0.796013
0.762185
0.797320
0.738933
0.642630
0.796730
0.825999
0.768795
0.776074
0.768300
0.827927
0.755122
0.731762
0.787716
0.804411
0.742128
0.765106
0.792982
0.815472
0.777997
0.800003
0.823436
0.784474
0.805416
0.794231
0.799566
0.793318
0.782733
0.809967
0.820550
0.758337
0.823000
0.799949
0.796521
0.770995
0.804606
0.786500
0.802454
0.755190
0.750567
0.733085
0.812376
0.801116
0.816009
0.736391
0.800669
0.796397
0.775751
0.759223
0.775059
0.812846
0.779150
0.737784
0.791701
0.813945
0.755052
0.758760
0.783579
0.800487
0.813145
0.776755
0.788300
0.782522
0.790031
0.795082
0.791859
0.756112
0.795579
0.794814
0.779501
0.771999
0.778481
0.794301
0.803233
0.768994
0.786651
1.248754
0.665593
0.837395
0.656688
0.767993
0.816363
0.812008
0.814101
0.814703
0.870259
0.799955
0.810833
0.828308
0.837560
0.786990
0.810655
0.826342
0.819107
0.778916
0.776462
0.814499
0.795245
0.793564
0.775763
0.690479
0.778314
0.756522
0.791404
0.773759
0.766685
0.806549
0.765729
0.727727
0.791604
0.795188
0.801544
0.745696
0.776583
0.820137
0.778527
0.775372
0.820086
0.819776
0.810050
0.800299
0.810210
0.821599
0.785903
0.812904
0.805207
0.800081
0.833743
0.766973
0.834458
0.794476
0.829679
0.816597
0.811120
0.785357
0.815090
0.773702
0.808997
0.754252
0.789735
0.746199
0.787426
0.765735
0.789861
0.746669
0.794431
0.798440
0.807804
0.765530
0.803075
0.804235
0.746182
0.761502
0.815194
0.794539
0.757684
0.801666
0.799974
0.804954
0.779453
0.800536
0.800971
0.778304
0.799608
0.822103
0.761622
0.792972
0.803527
1.030526
0.624094
0.700658
0.748875
0.757033
0.795012
0.819524
0.836409
0.813393
0.849377
0.763282
0.766774
0.796471
0.855997
0.776594
0.817292
0.800770
0.813436
0.751352
0.815563
0.839881
0.808850
0.776196
0.789812
0.771896
0.806541
0.768016
0.776743
0.654946
0.765860
0.806463
0.764387
0.770974
0.753499
0.795199
0.759991
0.743981
0.791704
0.815732
0.799452
0.743281
0.800780
0.813219
0.770065
0.783571
0.806530
0.807492
0.796336
0.789546
0.829348
0.780791
0.811689
0.814517
0.808161
0.787175
0.771582
0.782231
0.800981
0.768563
0.780566
0.779620
0.808298
0.775160
0.773568
0.773536
0.775615
0.756928
0.796607
0.767965
0.748846
0.785103
0.741018
0.711335
0.801119
0.762647
0.816937
0.752476
0.785730
0.802375
0.759730
0.766657
0.784925
0.793051
0.780067
0.770240
0.768470
0.800559
0.748545
0.778143
0.795124
0.769388
0.762536
0.807273
0.810596
0.798523
0.790890
0.765534
0.757749
0.776236
0.761660
0.864458
0.850446
0.823847
0.738319
0.722652
0.802149
0.799218
0.866615
0.810724
0.803516
0.805928
0.790478
0.823013
0.819692
0.787939
0.779598
0.772673
0.825299
0.791997
0.823607
0.775602
0.808234
0.811559
0.742511
0.745858
0.766271
0.817042
0.761172
0.638938
0.760229
0.817995
0.716503
0.738357
0.798549
0.796450
0.740877
0.775779
0.783407
0.789492
0.786271
0.769398
0.821639
0.805739
0.760206
0.796247
0.809142
0.812930
0.776211
0.806328
0.826644
0.775176
0.793262
0.791209
0.810481
0.776034
0.785920
0.788430
0.827000
0.792694
0.798842
0.784167
0.789244
0.806541
0.769832
0.757675
0.782901
0.809024
0.785505
0.731672
0.803898
0.792269
0.760511
0.771454
0.796554
0.796164
0.767986
0.749107
0.774850
0.809881
0.793247
0.790945
0.788964
0.786405
0.784860
0.789018
0.802503
0.773918
0.782598
0.787957
0.786804
0.756493
0.789488
0.789626
0.808723
0.886607
0.811968
0.724087
0.781320
0.844457
0.670888
0.764494
0.840192
0.745466
0.785383
0.857136
0.833478
0.775151
0.762881
0.843747
0.832732
0.757154
0.822959
0.775035
0.811651
0.787260
0.798725
0.824067
0.799138
0.786107
0.764164
0.759837
0.795538
0.780735
0.739704
0.719059
0.781229
0.778974
0.765647
0.643780
0.753447
0.793360
0.761886
0.742555
0.773467
0.812272
0.776417
0.715116
0.791221
0.815842
0.782881
0.791178
0.809367
0.798042
0.779075
0.819609
0.807702
0.787732
0.774692
0.782399
0.810549
0.780648
0.784484
0.797708
0.833756
0.789794
0.779776
0.832135
0.816398
0.790078
0.779422
0.766190
0.818526
0.805635
0.793931
0.754903
0.802725
0.772910
0.770630
0.746160
0.784262
0.804208
0.788247
0.756296
0.774000
0.810645
0.798303
0.759654
0.787993
0.806461
0.766539
0.773980
0.804769
0.791511
0.760496
0.805692
0.799931
0.775512
0.784356
0.725484
0.778279
0.705282
0.806032
0.859977
0.836493
0.753019
0.749546
0.747283
0.809009
0.769657
0.829131
0.813456
0.781173
0.770097
0.768681
0.823714
0.841534
0.769999
0.816464
0.823989
0.804703
0.774239
0.819836
0.793819
0.803896
0.804982
0.791452
0.761482
0.769200
0.808126
0.767518
0.676799
0.798183
0.790064
0.753640
0.726475
0.786998
0.779924
0.773365
0.739506
0.785842
0.788608
0.758643
0.690170
0.794399
0.798436
0.753383
0.737411
0.816742
0.801668
0.745499
0.746800
0.804452
0.778143
0.755395
0.797581
0.812017
0.779295
0.797482
0.796256
0.818491
0.794185
0.814377
0.812383
0.786907
0.782512
0.776627
0.779874
0.805064
0.773860
0.740522
0.749879
0.788597
0.809676
0.776257
0.747391
0.786876
0.772604
0.794596
0.774920
0.791164
0.798959
0.774152
0.759543
0.790827
0.768610
0.778928
0.789358
0.768135
0.779917
0.779973
0.788221
0.773088
0.747236
0.755856
0.805179
0.825137
0.640166
0.793300
0.853337
0.751019
0.775344
0.705804
0.838994
0.836800
0.725863
0.790478
0.855348
0.814539
0.799682
0.795537
0.789058
0.829885
0.794112
0.814993
0.813912
0.829284
0.792433
0.823817
0.797159
0.789833
0.800400
0.786524
0.755862
0.775027
0.790598
0.768339
0.692653
0.735121
0.791720
0.738982
0.744549
0.762752
0.820156
0.749384
0.697044
0.795889
0.800419
0.743981
0.780632
0.804344
0.797170
0.799253
0.788646
0.812876
0.793267
0.777515
0.809348
0.780659
0.769313
0.804374
0.822806
0.824194
0.780127
0.778140
0.797573
0.797826
0.758810
0.759948
0.775813
0.797678
0.815421
0.775626
0.794842
0.759901
0.789591
0.810431
0.786464
0.790554
0.798702
0.768890
0.780099
0.799216
0.771237
0.784570
0.758173
0.788828
0.802112
0.813418
0.752275
0.805070
0.817116
0.788829
0.785386
0.778959
0.779123
0.750401
0.830405
0.817549
0.782520
0.781949
0.959667
0.622437
0.820097
0.627892
0.683692
0.834170
0.859236
0.830361
0.805674
0.838582
0.799026
0.781932
0.807763
0.829259
0.776864
0.793871
0.823145
0.815968
0.782152
0.804614
0.803066
0.837784
0.795882
0.805130
0.769842
0.807212
0.799940
0.766637
0.729132
0.798977
0.800263
0.787605
0.694115
0.777045
0.785899
0.777955
0.763551
0.792244
0.804043
0.729526
0.746284
0.782376
0.796971
0.772400
0.763786
0.821263
0.801649
0.768531
0.785409
0.806578
0.794143
0.771673
0.795423
0.818072
0.769616
0.756891
0.781430
0.825258
0.771326
0.807671
0.782914
0.816179
0.766852
0.784424
0.805760
0.797819
0.740026
0.758177
0.766861
0.785156
0.785192
0.797000
0.750767
0.779458
0.773001
0.742016
0.755590
0.813267
0.820155
0.772472
0.766941
0.785680
0.795499
0.744138
0.773031
0.790737
0.777056
0.772686
0.799134
0.797000
0.789311
0.821686
1.073127
0.693042
0.792966
0.670080
0.782518
0.828191
0.779453
0.756774
0.886656
0.842744
0.785367
0.787492
0.829819
0.803554
0.785123
0.786888
0.822843
0.821001
0.784733
0.782776
0.726271
0.810676
0.796251
0.785577
0.788012
0.760426
0.800399
0.770007
0.736595
0.798531
0.787111
0.784729
0.671502
0.770504
0.776893
0.780756
0.771699
0.782549
0.806660
0.761345
0.759316
0.796482
0.818411
0.793211
0.762819
0.831328
0.798469
0.801198
0.812886
0.808803
0.801271
0.798495
0.810434
0.831515
0.790547
0.758333
0.801349
0.815070
0.799905
0.799299
0.805292
0.793858
0.779565
0.785060
0.787172
0.803206
0.797868
0.745176
0.770673
0.794141
0.773276
0.788279
0.751601
0.787519
0.796169
0.779277
0.754827
0.802451
0.770042
0.806643
0.780273
0.799028
0.800442
0.800865
0.791917
0.804014
0.799340
0.780324
0.785322
0.799682
0.784105
0.786486
0.811680
0.805557
0.783312
0.784015
0.805016
0.815819
0.792959
0.767621
0.828238
0.747612
0.823986
0.736347
0.714801
0.790165
0.819339
0.793245
0.807078
0.840294
0.794894
0.804070
0.722044
0.818953
0.759692
0.814331
0.809528
0.832774
0.795704
0.803502
0.831864
0.824033
0.776295
0.795974
0.777024
0.796489
0.776246
0.786923
0.722286
0.773582
0.780688
0.769164
0.722883
0.735124
0.807349
0.758177
0.738459
0.796557
0.800564
0.795462
0.761259
0.795096
0.802295
0.754966
0.784028
0.793050
0.776134
0.798883
0.795182
0.810154
0.781290
0.789118
0.803761
0.832669
0.777143
0.790565
0.794598
0.832611
0.778642
0.767736
0.825950
0.809141
0.781334
0.827839
0.777432
0.832424
0.787706
0.813709
0.739958
0.788777
0.771822
0.738756
0.712638
0.799713
0.804352
0.738613
0.757449
0.760071
0.815755
0.786158
0.757476
0.800448
0.820340
0.795422
0.779161
0.801259
0.807755
0.802612
0.785645
0.801440
0.769618
0.777777
0.781802
0.811801
0.783022
0.804542
0.795357
0.817056
0.773880
0.784506
0.778377
0.804750
0.783725
0.761567
0.784024
0.824432
0.791134
0.787315
0.780816
0.798552
0.799835
0.793975
0.764623
0.794731
0.810045
0.792008