0.689387
0.755896
0.755538
0.743456
0.689793
0.755937
0.754825
0.743748
0.689303
0.756644
0.754769
0.744051
0.691623
0.753557
0.752762
0.749301
0.690194
0.753693
0.754017
0.744051
0.690229
0.757767
0.753766
0.747812
0.689674
0.753974
0.754226
0.744166
0.689171
0.754822
0.753870
0.745044
0.687034
0.754542
0.753725
0.741524
0.692079
0.757145
0.753309
0.748111
0.692132
0.755777
0.753551
0.748162
0.694818
0.755798
0.754283
0.744008
0.693960
0.754588
0.754481
0.746168
0.695692
0.753767
0.753435
0.744429
0.696921
0.754342
0.753863
0.745621
0.696382
0.757045
0.753903
0.744414
0.695291
0.754005
0.752608
0.748855
0.693675
0.754252
0.753992
0.743395
0.695489
0.755873
0.754599
0.745389
0.697039
0.754025
0.754331
0.745045
0.695641
0.753355
0.753158
0.744001
0.697273
0.754465
0.754615
0.744170
0.696817
0.756400
0.753360
0.743967
0.697843
0.755701
0.753992
0.745068
0.698466
0.758056
0.754786
0.746061
0.698028
0.754207
0.753409
0.743261
0.697762
0.756363
0.752973
0.749451
0.696504
0.756768
0.752657
0.744800
0.698214
0.755294
0.753377
0.745001
0.695071
0.754134
0.752762
0.745588
0.697880
0.755634
0.754275
0.742635
0.695582
0.757165
0.753745
0.742797
0.688933
0.753815
0.755119
0.743153
0.650588
0.755954
0.756283
0.747608
0.604973
0.720041
0.822591
0.572563
0.722276
0.784128
0.736120
0.724072
0.629725
0.745230
0.772406
0.709470
0.717876
0.769460
0.738696
0.750255
0.686778
0.752950
0.748866
0.742781
0.707596
0.752275
0.749938
0.740935
0.716310
0.752190
0.759084
0.738994
0.714760
0.753895
0.760378
0.735194
0.717908
0.757920
0.766069
0.742665
0.720889
0.757058
0.761658
0.740127
0.725078
0.761565
0.757482
0.744420
0.730207
0.760662
0.751636
0.743566
0.730526
0.758779
0.747994
0.745844
0.729061
0.759338
0.748896
0.748433
0.726506
0.757087
0.752258
0.746872
0.719480
0.758743
0.756071
0.740473
0.714117
0.756319
0.758368
0.736938
0.714492
0.758871
0.762629
0.736804
0.715580
0.760438
0.765904
0.737578
0.718982
0.762391
0.764309
0.740374
0.698225
0.761256
0.761221
0.742298
0.697601
0.759824
0.756350
0.744590
0.698735
0.754558
0.751523
0.746957
0.711495
0.755201
0.746950
0.747640
0.703907
0.753713
0.749330
0.742374
0.696790
0.752732
0.753800
0.744515
0.683458
0.748256
0.755962
0.746737
0.678743
0.756161
0.759847
0.739935
0.711235
0.847403
0.784067
0.769714
0.710788
0.737143
0.694003
0.785581
0.743980
0.765815
0.799938
0.789900
0.714379
0.748414
0.744825
0.740179
0.720105
0.775899
0.741901
0.756358
0.699219
0.755176
0.749954
0.740664
0.689763
0.759850
0.756179
0.742885
0.683217
0.750386
0.768118
0.734746
0.683407
0.752604
0.771185
0.734211
0.687436
0.756290
0.773762
0.740992
0.693211
0.758165
0.768540
0.744215
0.697555
0.761641
0.763742
0.741068
0.702746
0.760448
0.751187
0.747079
0.704394
0.761827
0.745995
0.747622
0.704015
0.759845
0.746474
0.750277
0.700994
0.756710
0.750482
0.746673
0.696898
0.755041
0.755168
0.742254
0.695155
0.753718
0.763627
0.737380
0.692804
0.756744
0.769342
0.739832
0.692459
0.756977
0.771203
0.741218
0.700437
0.750533
0.763215
0.749177
0.692363
0.682041
0.799420
0.764928
0.762863
0.813944
0.727524
0.778180
0.634483
0.751626
0.785037
0.707441
0.720600
0.763931
0.723559
0.759873
0.654986
0.748150
0.746223
0.745024
0.676239
0.758432
0.753353
0.744795
0.669374
0.752992
0.768788
0.730481
0.678983
0.753357
0.776076
0.736565
0.683538
0.761680
0.781523
0.743026
0.689667
0.761842
0.776948
0.747321
0.690565
0.763252
0.764006
0.745004
0.691580
0.760334
0.747545
0.746142
0.688261
0.758164
0.736756
0.747185
0.688233
0.754156
0.737667
0.748754
0.682554
0.753497
0.744842
0.747902
0.680919
0.752282
0.754680
0.745071
0.676522
0.754213
0.764521
0.741272
0.675700
0.753846
0.778302
0.740434
0.701987
0.962553
0.803629
0.820296
0.731245
0.729738
0.754315
0.745446
0.815573
0.915491
0.740947
0.830522
0.669595
0.706635
0.800184
0.712999
0.747499
0.761212
0.684611
0.776156
0.691417
0.767057
0.745735
0.756356
0.698042
0.741246
0.750196
0.745050
0.692012
0.751125
0.758244
0.732693
0.688742
0.746272
0.769806
0.731779
0.699606
0.755793
0.777728
0.739895
0.708402
0.760997
0.779089
0.751125
0.711960
0.764695
0.766466
0.750078
0.714383
0.756653
0.750945
0.747254
0.713958
0.752238
0.730857
0.751833
0.711659
0.754278
0.734618
0.754557
0.707873
0.754645
0.743139
0.747819
0.702286
0.757772
0.755173
0.751362
0.695921
0.752307
0.765077
0.742041
0.689871
0.751205
0.776464
0.740265
0.638159
0.701614
1.020906
0.589439
0.691969
0.728950
0.768829
0.756047
0.753178
0.783691
0.789083
0.860276
0.623458
0.747454
0.742023
0.767222
0.759676
0.787400
0.742763
0.760663
0.675708
0.753515
0.755682
0.744722
0.653540
0.757445
0.759940
0.744169
0.634540
0.744786
0.781515
0.734515
0.628881
0.734061
0.764419
0.723742
0.632533
0.745428
0.772784
0.735964
0.657409
0.750296
0.760763
0.742433
0.657786
0.756820
0.769161
0.746010
0.717418
0.761836
0.765004
0.747390
0.718269
0.765584
0.763954
0.749433
0.720089
0.767739
0.766546
0.754350
0.714127
0.762986
0.770455
0.753054
0.699974
0.755659
0.770035
0.745631
0.671527
0.747713
0.759521
0.706900
0.668348
0.753314
0.767917
0.704813
0.662221
0.745785
0.765604
0.729541
0.660276
0.757394
0.771818
0.732196
0.671579
0.757149
0.768701
0.735373
0.678252
0.767121
0.770415
0.744018
0.689726
0.770785
0.767368
0.747307
0.694675
0.770113
0.767207
0.755680
0.689094
0.768096
0.764170
0.744464
0.680078
0.759849
0.761281
0.745538
0.664955
0.748894
0.758687
0.737963
0.661777
0.746135
0.760196
0.733865
0.657466
0.743552
0.763038
0.735563
0.668059
0.748909
0.766202
0.741677
0.677609
0.752652
0.767986
0.744282
0.693388
0.761836
0.768837
0.746081
0.702982
0.761635
0.763313
0.748796
0.704556
0.762646
0.762940
0.755500
0.695687
0.758901
0.759946
0.753676
0.714884
0.757845
0.759237
0.747069
0.585006
0.714626
0.817899
0.816981
0.768733
0.800413
0.758923
0.573487
0.627600
0.708608
0.808627
0.682734
0.734451
0.768508
0.735448
0.751237
0.680882
0.762870
0.813240
0.742030
0.710497
0.747157
0.754370
0.743014
0.707226
0.763190
0.778617
0.751350
0.715097
0.751764
0.759477
0.741569
0.707804
0.758964
0.766674
0.749809
0.701933
0.751027
0.759579
0.745029
0.680227
0.753642
0.762048
0.749017
0.667140
0.751130
0.761582
0.743741
0.699500
0.755901
0.762632
0.744648
0.702619
0.752220
0.766978
0.746242
0.701607
0.755685
0.769939
0.746642
0.693448
0.757208
0.767193
0.746371
0.701141
0.756259
0.769151
0.748137
0.703596
0.757272
0.768351
0.748413
0.700785
0.757454
0.764170
0.746364
0.698426
0.756489
0.764569
0.746114
0.696171
0.751268
0.767372
0.743565
0.697429
0.861129
0.767063
0.824180
0.709446
0.670916
0.806684
0.813482
0.718546
0.819671
0.761952
0.758473
0.678698
0.708010
0.801039
0.701268
0.741758
0.767616
0.754006
0.774127
0.690747
0.776316
0.780377
0.744589
0.701117
0.748269
0.766174
0.749127
0.675853
0.757745
0.784061
0.742912
0.683848
0.745654
0.768363
0.736930
0.676113
0.752544
0.786371
0.743551
0.686363
0.751541
0.771398
0.742658
0.689624
0.755399
0.776223
0.747696
0.696848
0.752527
0.765431
0.742584
0.697446
0.763388
0.766742
0.749106
0.697779
0.762494
0.763059
0.751208
0.694278
0.758500
0.769218
0.751555
0.686983
0.756525
0.770833
0.743349
0.682591
0.756885
0.774400
0.739218
0.678393
0.752487
0.778332
0.737749
0.680441
0.754062
0.776846
0.737305
0.689772
0.823537
0.775783
0.779781
0.694414
0.683544
0.761852
0.845536
0.721532
0.846207
0.796125
0.744253
0.654548
0.726366
0.760537
0.740343
0.728806
0.774443
0.751771
0.768672
0.687800
0.752072
0.770483
0.738091
0.692992
0.750504
0.755609
0.740550
0.685939
0.747692
0.784724
0.737294
0.683496
0.746313
0.766724
0.739119
0.684937
0.757508
0.787765
0.743176
0.691464
0.751899
0.774934
0.746491
0.696854
0.757723
0.776279
0.749697
0.699866
0.753730
0.755431
0.747449
0.700960
0.756602
0.756998
0.749601
0.702404
0.757994
0.756314
0.752917
0.695077
0.756783
0.761298
0.751419
0.689999
0.755540
0.762641
0.742603
0.687317
0.750523
0.770675
0.739360
0.683842
0.752058
0.769004
0.740177
0.601885
0.674576
0.786092
0.442317
0.683226
0.727529
0.798532
0.656019
0.760292
0.765000
0.781699
0.859904
0.715890
0.740600
0.732832
0.781436
0.739557
0.786348
0.751290
0.760159
0.718940
0.742807
0.746490
0.737671
0.696724
0.755959
0.752690
0.746140
0.692871
0.746784
0.768086
0.734848
0.689687
0.748062
0.769229
0.737179
0.695715
0.753608
0.777681
0.741121
0.706740
0.757407
0.770506
0.745883
0.713313
0.757452
0.765311
0.747715
0.717837
0.756220
0.751063
0.750314
0.719850
0.758367
0.745048
0.749788
0.718691
0.756748
0.744012
0.752833
0.717414
0.755203
0.751683
0.751656
0.701717
0.753284
0.755196
0.746138
0.695458
0.750361
0.764170
0.739605
0.689201
0.747705
0.769944
0.743791
0.689755
0.753236
0.770562
0.741380
0.875313
0.969594
0.889637
0.935323
0.752851
0.771842
0.727657
0.741760
0.676279
0.752282
0.785938
0.800451
0.755642
0.757397
0.745240
0.744766
0.747278
0.761022
0.733598
0.754013
0.735331
0.760417
0.757187
0.752849
0.723234
0.749297
0.750403
0.739956
0.711003
0.748445
0.775535
0.737082
0.708975
0.743210
0.773586
0.731015
0.714123
0.753078
0.786611
0.742770
0.723325
0.755527
0.775268
0.746369
0.729480
0.755945
0.768239
0.747140
0.735631
0.760367
0.754803
0.747339
0.737751
0.754285
0.741979
0.750754
0.739931
0.757619
0.744325
0.754873
0.735044
0.756372
0.750230
0.748052
0.726698
0.752124
0.758263
0.746070
0.717664
0.754904
0.767362
0.739459
0.713936
0.749184
0.770289
0.738660
0.715684
0.749345
0.774022
0.739007
0.720017
0.752185
0.768535
0.746525
0.684879
0.742459
0.750946
0.744837
0.703224
0.758062
0.755525
0.751749
0.706495
0.756621
0.748008
0.752453
0.706728
0.757484
0.747613
0.752828
0.707241
0.757816
0.751854
0.751142
0.700047
0.752774
0.757055
0.745927