0.795778
0.773039
0.781539
0.799688
0.776400
0.824519
0.809344
0.783347
0.735850
0.736281
0.795328
0.779454
0.774828
0.804093
0.786383
0.791466
0.793839
0.787383
0.787587
0.802969
0.795244
0.811527
0.787948
0.781657
0.809876
0.816163
0.779147
0.802976
0.771474
0.793923
0.796141
0.774021
0.785507
0.757074
0.780990
0.788585
0.776036
0.763957
0.779925
0.795011
0.799912
0.796703
0.791567
0.800057
0.805039
0.803192
0.804318
0.786514
0.783539
0.808126
0.767101
0.752251
0.804765
0.814592
0.791260
0.755864
0.709411
0.799271
0.791240
0.810736
0.779718
0.741279
0.794486
0.751903
0.795133
0.805093
0.759817
0.811183
0.777446
0.810483
0.757723
0.789944
0.784872
0.818635
0.786590
0.749371
0.767687
0.780150
0.778948
0.785489
0.764784
0.797893
0.792683
0.784107
0.799105
0.799483
0.768963
0.759995
0.766842
0.795550
0.820849
0.782868
0.779197
0.791058
0.796660
0.759352
0.788064
0.796445
0.792679
0.756282
0.774474
0.799878
0.794959
0.779949
0.780777
0.800518
0.789768
0.791534
0.784429
0.813938
0.815372
0.798695
0.785193
0.805288
0.794918
0.786092
0.836372
0.768615
0.794185
0.768628
0.595103
0.686573
0.934553
0.671718
0.881490
0.818743
0.700197
0.879532
0.789588
0.822015
0.783539
0.816381
0.837117
0.822188
0.767935
0.804465
0.739581
0.775088
0.795031
0.802177
0.801701
0.787215
0.814829
0.753513
0.766272
0.737808
0.820004
0.759868
0.653724
0.780227
0.813532
0.766156
0.744837
0.769777
0.803663
0.813843
0.803306
0.768370
0.810885
0.758075
0.787444
0.799223
0.814365
0.817524
0.794906
0.829636
0.801616
0.782552
0.808607
0.806057
0.802348
0.783690
0.792997
0.818263
0.785571
0.791757
0.779781
0.782142
0.768503
0.734522
0.768657
0.792063
0.786233
0.766524
0.747559
0.808136
0.786481
0.737641
0.724500
0.797225
0.826216
0.787397
0.762479
0.798004
0.802494
0.780780
0.771322
0.784874
0.812645
0.751062
0.786057
0.773073
0.818529
0.801005
0.777714
0.801249
0.793056
0.758431
0.783534
0.799847
0.798444
0.804598
0.670841
0.725723
0.901732
0.738979
0.875185
0.750749
0.709764
0.812545
0.645687
0.853523
0.784377
0.831365
0.792885
0.815134
0.765629
0.817642
0.823958
0.820846
0.772945
0.822571
0.777011
0.827578
0.804466
0.765468
0.800806
0.803371
0.799694
0.748328
0.729496
0.760672
0.820719
0.771125
0.741198
0.775639
0.818117
0.764724
0.750840
0.802540
0.818363
0.790551
0.790885
0.821605
0.798889
0.742467
0.771302
0.816631
0.752888
0.809945
0.756677
0.824874
0.784276
0.764401
0.787594
0.821749
0.758457
0.784467
0.770983
0.796973
0.780333
0.775421
0.765708
0.798871
0.796194
0.776918
0.753978
0.750993
0.784034
0.794120
0.769440
0.807150
0.804440
0.766841
0.690650
0.800978
0.808737
0.784872
0.750849
0.796465
0.808241
0.761685
0.794175
0.800134
0.803760
0.757939
0.815195
0.805238
0.811215
0.789844
0.782256
0.783100
0.789968
0.797483
0.783616
0.775465
0.784012
0.803831
0.595822
0.707798
0.773967
0.735929
0.753647
0.745825
0.806111
0.759475
0.821335
0.843618
0.731185
0.849676
0.784865
0.807902
0.782468
0.784199
0.808331
0.846850
0.762586
0.814105
0.769259
0.801906
0.818929
0.744180
0.726858
0.776552
0.820126
0.775994
0.745651
0.796618
0.813432
0.781986
0.735566
0.797533
0.783094
0.760168
0.741722
0.799106
0.813642
0.766522
0.755736
0.820171
0.773604
0.773336
0.775929
0.770998
0.785075
0.791139
0.805802
0.805607
0.773606
0.753566
0.799736
0.799070
0.765260
0.791147
0.767044
0.732830
0.758139
0.772811
0.731776
0.808510
0.787377
0.806148
0.797681
0.813874
0.810118
0.729834
0.772666
0.797000
0.795649
0.781212
0.761154
0.793980
0.809039
0.791412
0.766902
0.811783
0.810912
0.747869
0.785500
0.789329
0.805957
0.798783
0.788072
0.792867
0.787296
0.791472
0.922666
0.734846
0.787499
0.741506
0.758176
0.751606
0.716421
0.752491
0.849614
0.844092
0.735282
0.812615
0.749921
0.797387
0.779158
0.777908
0.871606
0.839589
0.785350
0.821606
0.735996
0.825080
0.815871
0.791439
0.739983
0.791222
0.831061
0.775541
0.780724
0.793218
0.808980
0.778559
0.748324
0.814195
0.786132
0.764183
0.771095
0.801565
0.821205
0.773274
0.748757
0.794216
0.783191
0.797953
0.792546
0.817480
0.836345
0.776887
0.778562
0.802192
0.797422
0.800527
0.811513
0.731981
0.784882
0.797460
0.734042
0.806201
0.773052
0.804037
0.777929
0.791352
0.767560
0.797320
0.778293
0.791979
0.772527
0.746375
0.769136
0.817726
0.803261
0.788826
0.755996
0.798592
0.827371
0.773685
0.771559
0.807608
0.821041
0.795241
0.789639
0.798117
0.824516
0.734831
0.772425
0.809535
0.808238
0.771738
0.785062
0.827891
0.800577
0.796849
0.869879
0.758313
0.768706
0.733166
0.726211
0.646913
0.965707
0.621705
0.886106
0.790249
0.709777
0.809531
0.782097
0.892239
0.761278
0.802083
0.862215
0.851382
0.756395
0.830406
0.819757
0.812603
0.804613
0.781720
0.716513
0.778370
0.824177
0.809869
0.770132
0.825197
0.774748
0.773566
0.715226
0.818453
0.814532
0.760338
0.772234
0.786573
0.827410
0.778110
0.726011
0.808384
0.811539
0.785823
0.736360
0.787089
0.808921
0.786275
0.778542
0.796656
0.792933
0.777819
0.781658
0.804401
0.784101
0.832010
0.749915
0.803323
0.761681
0.741878
0.758214
0.777778
0.787381
0.827078
0.753961
0.745320
0.786574
0.794587
0.783938
0.801206
0.793535
0.792391
0.755215
0.809991
0.782896
0.780257
0.781784
0.801613
0.809465
0.811531
0.777814
0.787409
0.810534
0.780172
0.768421
0.803529
0.812278
0.741204
0.776426
0.801302
0.806769
0.805514
0.763139
0.730788
0.787373
0.724536
0.780266
0.782285
0.775475
0.813584
0.750181
0.822749
0.746690
0.818079
0.798843
0.804134
0.786935
0.812973
0.812708
0.801930
0.788082
0.801269
0.812990
0.828203
0.800137
0.776711
0.759315
0.821466
0.798933
0.733749
0.798965
0.793021
0.838834
0.742960
0.706889
0.815754
0.789937
0.749784
0.758697
0.788666
0.839623
0.735036
0.757895
0.788987
0.828469
0.782095
0.779319
0.811128
0.818567
0.792885
0.763361
0.784733
0.777680
0.787520
0.782486
0.817892
0.787103
0.788802
0.780773
0.748004
0.777040
0.752151
0.760433
0.810341
0.724118
0.774986
0.783329
0.792656
0.778935
0.799953
0.794200
0.799976
0.789135
0.795234
0.756909
0.807676
0.751740
0.792390
0.755155
0.780719
0.794889
0.804166
0.745322
0.798461
0.818411
0.764735
0.735406
0.812429
0.806165
0.787790
0.786027
0.809261
0.792871
0.806964
0.793709
0.787624
0.795916
0.812927
0.577040
0.723708
0.934125
0.726203
1.019432
0.824501
0.702345
0.783411
0.751805
0.831836
0.766720
0.786289
0.828677
0.816660
0.755272
0.819413
0.806022
0.795456
0.819614
0.790274
0.772969
0.760124
0.798690
0.770657
0.762082
0.782806
0.825346
0.735899
0.783309
0.780501
0.827083
0.772737
0.774397
0.753708
0.794084
0.794487
0.712221
0.806890
0.815741
0.793881
0.813432
0.813916
0.799751
0.806185
0.797221
0.791871
0.800445
0.770392
0.773649
0.776766
0.804633
0.756881
0.733328
0.807905
0.751141
0.748207
0.789684
0.781189
0.769342
0.730483
0.769267
0.762061
0.773769
0.783343
0.780557
0.783488
0.818278
0.745813
0.810226
0.738091
0.787405
0.779994
0.809016
0.804016
0.822027
0.813470
0.767107
0.804570
0.829999
0.772930
0.772028
0.804264
0.827297
0.736100
0.769883
0.746803
0.799895
0.799154
0.777906
0.794307
0.784192
0.766142
0.791111
0.812691
0.783290
0.788752
0.895623
0.657919
0.797756
0.736759
0.547942
0.733427
0.830974
0.681142
0.886185
0.856123
0.669728
0.830013
0.747627
0.832630
0.785383
0.783395
0.779598
0.847367
0.768778
0.833316
0.792396
0.771717
0.779288
0.798168
0.775582
0.753735
0.812196
0.755371
0.757123
0.783017
0.833232
0.729389
0.738003
0.773182
0.825886
0.794173
0.768073
0.800074
0.824275
0.767229
0.752167
0.812139
0.811295
0.793443
0.806743
0.800152
0.820553
0.777443
0.786185
0.795619
0.802544
0.788844
0.788032
0.819569
0.765848
0.764072
0.791254
0.805964
0.772144
0.757883
0.771828
0.810566
0.785477
0.780625
0.791468
0.775569
0.781308
0.748190
0.782865
0.768567
0.801692
0.752522
0.781981
0.797536
0.814109
0.795414
0.778154
0.808368
0.796583
0.795603
0.799928
0.799096
0.816043
0.778630
0.784037
0.783683
0.794896
0.783850
0.774195
0.807783
0.758921
0.806671
0.793465
0.780160
0.778414
0.789965
0.751307
0.768735
0.947199
0.616310
0.863187
0.819839
0.654829
0.862827
0.781729
0.881701
0.794879
0.772366
0.831766
0.831220
0.771386
0.825198
0.793480
0.782301
0.770552
0.813215
0.773392
0.834175
0.804866
0.739314
0.829662
0.803260
0.799167
0.774500
0.743918
0.773583
0.797734
0.786195
0.737494
0.803158
0.810561
0.768098
0.751611
0.783527
0.823493
0.782814
0.717859
0.797008
0.807211
0.738049
0.786414
0.799669
0.818376
0.741786
0.781266
0.789729
0.790507
0.765764
0.803211
0.807554
0.723099
0.794721
0.761572
0.793927
0.774035
0.792991
0.762450
0.788506
0.800875
0.749343
0.770495
0.782944
0.788102
0.783823
0.728650
0.810701
0.789182
0.786433
0.760785
0.752801
0.804485
0.787431
0.779600
0.827306
0.814118
0.794966
0.779790
0.812597
0.810092
0.796723
0.790833
0.796585
0.799045
0.767187
0.778649
0.768107
0.759784
0.800878
0.822402
0.774137
0.778300
0.800715
0.741058
0.710240
0.958152
0.645494
0.967766
0.814814
0.682315
0.784464
0.803236
0.825196
0.781912
0.811449
0.826345
0.790900
0.730900
0.820088
0.782205
0.803711
0.790830
0.830204
0.746950
0.810464
0.808643
0.764379
0.746033
0.804506
0.803413
0.743830
0.741114
0.783378
0.827106
0.733273
0.751340
0.795182
0.825639
0.747997
0.747783
0.818133
0.807645
0.780716
0.805990
0.769756
0.803707
0.808565
0.786515
0.801222
0.788123
0.770665
0.778080
0.772232
0.765694
0.796774
0.798410
0.812765
0.776871
0.798088
0.782551
0.795105
0.762340
0.784639
0.772766
0.790444
0.784120
0.805235
0.776686
0.793070
0.807223
0.778420
0.780999
0.795191
0.813846
0.759780
0.777789
0.800875
0.818742
0.794908
0.770816
0.796213
0.808564
0.759470
0.770487
0.797031
0.786370
0.775597
0.795673
0.793410
0.787594
0.804332
0.783466
0.741244
0.778093
0.801864
0.773966
0.820189
0.744720
0.777941
0.776750
0.770562
0.751485
0.785629