0.691574
0.754906
0.759902
0.744642
0.690901
0.755968
0.760847
0.744548
0.687016
0.757749
0.762161
0.745556
0.688893
0.754845
0.761515
0.744350
0.690284
0.757814
0.761586
0.745108
0.690968
0.755028
0.760972
0.744243
0.689911
0.757076
0.759831
0.744164
0.690313
0.755898
0.757728
0.748687
0.688087
0.756683
0.759826
0.747231
0.688954
0.754869
0.757711
0.745976
0.691942
0.754393
0.756141
0.747659
0.688434
0.756792
0.762771
0.747448
0.690807
0.756036
0.764735
0.747618
0.690153
0.754239
0.764259
0.746562
0.690768
0.754400
0.768796
0.745013
0.688466
0.755002
0.771170
0.743926
0.690481
0.757832
0.777211
0.745906
0.691177
0.755353
0.772579
0.744666
0.676697
0.756352
0.780461
0.746387
0.697308
0.754359
0.790609
0.744165
0.695661
0.754462
0.792809
0.746192
0.705110
0.756916
0.786716
0.745592
0.706976
0.753906
0.762779
0.745666
0.699177
0.753809
0.768291
0.746582
0.697019
0.755204
0.767674
0.744863
0.708280
0.759437
0.770380
0.745520
0.721688
0.756198
0.768949
0.749349
0.722796
0.756350
0.771876
0.747822
0.721018
0.756807
0.766417
0.744556
0.721167
0.755203
0.769976
0.746929
0.720320
0.754417
0.769730
0.745735
0.718592
0.756798
0.767458
0.745490
0.719627
0.758784
0.766395
0.749534
0.719132
0.756069
0.767556
0.745359
0.718321
0.755004
0.768693
0.748666
0.717922
0.752258
0.767209
0.748149
0.720887
0.753751
0.764909
0.745029
0.549880
0.740251
0.737552
0.943969
0.656871
0.822671
0.784866
0.765548
0.729799
0.731201
0.760259
0.660488
0.684096
0.764260
0.750506
0.757021
0.706240
0.772603
0.761988
0.815562
0.712588
0.742066
0.753326
0.717155
0.687255
0.758887
0.767033
0.835611
0.677544
0.738373
0.751924
0.732207
0.676810
0.749058
0.755162
0.744442
0.691189
0.750587
0.757661
0.744243
0.699480
0.753975
0.760465
0.748375
0.711059
0.760985
0.762964
0.747504
0.714616
0.764427
0.766496
0.748234
0.712018
0.764305
0.766795
0.751533
0.703965
0.760560
0.761388
0.747450
0.695631
0.753582
0.757488
0.747773
0.686305
0.749081
0.754938
0.740801
0.670498
0.748997
0.756405
0.740539
0.639649
0.748030
0.756533
0.744641
0.642443
0.753996
0.756885
0.742220
0.643190
0.756525
0.762521
0.715428
0.548331
0.701452
0.814668
0.761184
0.661438
0.831508
0.822121
0.738190
0.747487
0.709988
0.771985
0.717646
0.703525
0.781603
0.777984
0.731353
0.684502
0.782878
0.770704
0.793270
0.619302
0.746963
0.755863
0.671439
0.651228
0.749446
0.761636
0.733349
0.619377
0.735721
0.744692
0.724901
0.628574
0.741587
0.753689
0.734705
0.670891
0.753805
0.758007
0.742912
0.666547
0.755666
0.768574
0.744790
0.678433
0.764532
0.763381
0.747922
0.668532
0.768650
0.769348
0.750716
0.687792
0.765772
0.768579
0.752382
0.674006
0.758150
0.760795
0.748573
0.683795
0.747134
0.757952
0.747093
0.649604
0.741395
0.759758
0.736430
0.649360
0.739140
0.757307
0.737448
0.658024
0.740275
0.759569
0.736979
0.777924
0.780824
0.825375
0.977199
0.657377
0.724040
0.731731
0.757993
0.801720
0.775934
0.802840
0.692223
0.721627
0.706898
0.712220
0.716874
0.736820
0.770420
0.773024
0.784246
0.674655
0.761644
0.756722
0.795234
0.695513
0.742805
0.761032
0.776465
0.669416
0.739844
0.759546
0.789136
0.649800
0.727836
0.758606
0.722831
0.601246
0.736484
0.766891
0.732906
0.660022
0.749321
0.774149
0.740389
0.675822
0.760395
0.770964
0.743391
0.684214
0.765429
0.768395
0.755954
0.701357
0.766502
0.763953
0.752140
0.681185
0.766461
0.764800
0.755764
0.671719
0.762708
0.766145
0.755054
0.635769
0.754152
0.760612
0.751838
0.679471
0.744287
0.759068
0.737481
0.678101
0.742887
0.764358
0.731223
0.681812
0.742175
0.768472
0.733804
0.624930
0.593843
0.690840
0.928611
0.643754
0.809824
0.831550
0.805707
0.756027
0.729359
0.765943
0.708164
0.728385
0.784350
0.756302
0.754408
0.730501
0.786590
0.767034
0.796026
0.723528
0.752295
0.754784
0.736040
0.693853
0.760472
0.766789
0.750413
0.680357
0.737385
0.762026
0.736333
0.668142
0.735705
0.763342
0.729387
0.671914
0.742721
0.771210
0.737531
0.688791
0.750616
0.772427
0.741420
0.704452
0.762571
0.775627
0.749274
0.717705
0.763180
0.771934
0.746974
0.724343
0.769417
0.769760
0.756370
0.723154
0.766295
0.765112
0.753822
0.711467
0.762067
0.756433
0.750606
0.702234
0.754368
0.754440
0.748642
0.691338
0.745537
0.757634
0.738450
0.683107
0.741023
0.758397
0.730641
0.577380
0.674991
0.710948
0.754114
0.595673
0.814184
0.843231
0.657523
0.734273
0.704035
0.766007
0.652500
0.673670
0.768819
0.760863
0.746408
0.694638
0.778195
0.774564
0.767572
0.693167
0.751352
0.753282
0.744275
0.682848
0.765529
0.758923
0.655816
0.670659
0.747860
0.749895
0.712104
0.655384
0.743356
0.751865
0.731004
0.652852
0.741734
0.755696
0.736003
0.658420
0.742950
0.760227
0.736442
0.668109
0.751838
0.766011
0.745294
0.680786
0.755414
0.766676
0.743076
0.689502
0.759477
0.766562
0.749363
0.693475
0.760459
0.761747
0.751800
0.689461
0.759392
0.757762
0.750771
0.682670
0.753713
0.752425
0.747734
0.672583
0.748498
0.751524
0.744144
0.669852
0.744636
0.751330
0.740982
0.542622
0.678340
0.686386
0.878255
0.629796
0.847022
0.814897
0.759076
0.753900
0.711226
0.770599
0.687486
0.702309
0.762888
0.763067
0.722867
0.726077
0.781785
0.775892
0.776691
0.709881
0.754141
0.758881
0.759162
0.700896
0.755953
0.755678
0.712004
0.688951
0.743932
0.747509
0.807289
0.673718
0.742234
0.744270
0.760190
0.679024
0.744978
0.748973
0.744340
0.685557
0.751081
0.754475
0.742173
0.697979
0.754090
0.760684
0.743113
0.704458
0.760405
0.770215
0.744489
0.715061
0.763847
0.769114
0.747476
0.714245
0.763656
0.767452
0.748556
0.705191
0.761448
0.761435
0.748669
0.696961
0.755004
0.753517
0.743029
0.686550
0.748492
0.749138
0.742060
0.682247
0.744792
0.747604
0.735029
0.502647
0.746158
0.740687
0.874315
0.665372
0.831455
0.769882
0.753039
0.761994
0.715657
0.766275
0.662534
0.707863
0.766061
0.754947
0.755091
0.716068
0.781813
0.774408
0.788338
0.718264
0.751515
0.761980
0.764877
0.693172
0.755953
0.757974
0.753803
0.676881
0.745227
0.748039
0.723428
0.643320
0.736432
0.742126
0.714608
0.651878
0.740012
0.745140
0.741947
0.658900
0.747339
0.755220
0.740015
0.694658
0.756679
0.756672
0.744093
0.707959
0.762935
0.763458
0.741896
0.715317
0.764161
0.765627
0.749200
0.714575
0.764816
0.765449
0.749581
0.705887
0.760501
0.761607
0.750210
0.695810
0.756713
0.755967
0.746731
0.685580
0.746812
0.751809
0.739710
0.679626
0.749674
0.748407
0.687452
0.547288
0.708324
0.762791
0.947531
0.700829
0.820866
0.765383
0.766400
0.764076
0.712150
0.744618
0.701972
0.745308
0.776084
0.772395
0.762337
0.740976
0.774616
0.769667
0.781007
0.737569
0.759462
0.763066
0.768864
0.720391
0.756488
0.756648
0.735851
0.701451
0.742215
0.747539
0.719546
0.689558
0.734384
0.739827
0.720931
0.689576
0.741447
0.748873
0.731762
0.705679
0.749605
0.754387
0.735752
0.719724
0.756919
0.764448
0.740944
0.734931
0.765523
0.767213
0.742763
0.745257
0.768519
0.769696
0.750141
0.740972
0.768847
0.767890
0.753622
0.734519
0.764285
0.763585
0.750711
0.721781
0.754874
0.753804
0.746540
0.705815
0.745660
0.747278
0.741729
0.700759
0.741381
0.747900
0.735767
0.697674
0.741761
0.752154
0.729777
0.740400
0.753667
0.715296
0.902932
0.587323
0.761443
0.780604
0.756084
0.760460
0.780911
0.822207
0.725648
0.701542
0.730010
0.745643
0.707622
0.693576
0.806721
0.800299
0.762201
0.684605
0.769320
0.763583
0.795117
0.663019
0.741126
0.743923
0.746349
0.639004
0.743684
0.744465
0.729762
0.631675
0.722119
0.737827
0.724679
0.633752
0.739140
0.749184
0.738106
0.652281
0.746570
0.761300
0.741896
0.672350
0.755109
0.764858
0.741357
0.688568
0.766285
0.772767
0.751481
0.691147
0.769061
0.773151
0.752899
0.694200
0.769009
0.767500
0.758904
0.687350
0.765938
0.760020
0.754563
0.686160
0.753445
0.750493
0.750762
0.679619
0.743626
0.742050
0.738859
0.591375
0.759738
0.768496
1.066427
0.578637
0.796765
0.724648
0.724317
0.725439
0.736893
0.784773
0.753934
0.685778
0.752187
0.763021
0.613325
0.693394
0.797132
0.790887
0.826167
0.694742
0.759120
0.770324
0.740960
0.673686
0.760829
0.762166
0.785859
0.660559
0.750528
0.751340
0.746504
0.658793
0.737236
0.737578
0.743795
0.654256
0.745364
0.743310
0.739951
0.668065
0.746328
0.748588
0.739954
0.671248
0.757950
0.759173
0.745193
0.685517
0.763294
0.765723
0.745009
0.706632
0.768330
0.773122
0.743149
0.707802
0.771618
0.772705
0.754082
0.701822
0.769830
0.768664
0.745674
0.692771
0.758472
0.758678
0.743153
0.682122
0.755085
0.751708
0.742488
0.677039
0.748661
0.746339
0.739822
0.675625
0.749413
0.747930
0.738865
0.674541
0.752087
0.752183
0.739858
0.685589
0.755937
0.759786
0.743398
0.695633
0.762476
0.767341
0.744756
0.699585
0.764442
0.769873
0.748081
0.701669
0.762183
0.769450
0.750107
0.698138
0.760650
0.764995
0.748902
0.691412
0.755434
0.760537
0.742603
0.685655
0.750142
0.749594
0.744239
