0.767559
0.803409
0.797355
0.799300
0.757775
0.791636
0.803778
0.781852
0.776631
0.804682
0.792759
0.793779
0.739953
0.800978
0.777391
0.768159
0.741320
0.820193
0.757405
0.788089
0.776984
0.799516
0.809035
0.784357
0.778026
0.813266
0.773508
0.802746
0.777611
0.801663
0.794683
0.774624
0.772336
0.808582
0.791558
0.811760
0.760954
0.779567
0.770036
0.803622
0.769427
0.810502
0.770794
0.776619
0.764900
0.801016
0.789057
0.785997
0.782852
0.804931
0.782377
0.818891
0.765187
0.796744
0.791333
0.787649
0.803718
0.803435
0.789355
0.761027
0.729676
0.815567
0.805259
0.778987
0.803480
0.811597
0.756750
0.746227
0.774069
0.791677
0.790438
0.830542
0.785024
0.802006
0.787514
0.777723
0.776621
0.795233
0.789823
0.785931
0.750543
0.826584
0.780316
0.801262
0.746570
0.813177
0.781598
0.785916
0.754746
0.818293
0.786344
0.816566
0.775525
0.819047
0.754625
0.787637
0.778646
0.822766
0.807424
0.786499
0.783386
0.782821
0.820581
0.776950
0.787279
0.758617
0.788347
0.800826
0.809745
0.828406
0.793062
0.760495
0.742227
0.761039
0.789591
0.802207
0.772290
0.810988
0.806626
0.784174
0.725362
0.750277
0.777798
0.793105
0.771831
0.810598
0.800156
0.778211
0.780547
0.789414
0.764417
0.804444
0.760884
0.796516
0.763274
0.786395
0.779020
0.794488
0.788082
0.787433
0.796828
0.799226
0.806569
0.788532
0.777341
0.807722
0.794456
0.786556
0.776794
0.761720
0.780317
0.789039
0.776210
0.798598
0.789960
0.777825
0.764947
0.811783
0.806093
0.750569
0.778396
0.742718
0.794205
0.773439
0.766005
0.818700
0.770929
0.788948
0.770893
0.810278
0.809539
0.777995
0.780115
0.771741
0.802391
0.788860
0.771058
0.784468
0.793684
0.809108
0.777009
0.823152
0.789026
0.783753
0.777281
0.831633
0.790232
0.793453
0.773284
0.795828
0.807733
0.798722
0.767875
0.832135
0.789721
0.785517
0.979454
0.759513
0.791638
0.833760
0.786830
0.845012
0.852167
0.816388
0.783420
0.833039
0.806686
0.846982
0.778385
0.790434
0.825375
0.790439
0.797473
0.801017
0.782237
0.827607
0.769951
0.798242
0.779160
0.812095
0.721679
0.821452
0.739779
0.799580
0.768264
0.785668
0.781037
0.801029
0.757159
0.727379
0.777933
0.774633
0.750347
0.810634
0.787836
0.802871
0.788861
0.802248
0.803513
0.781262
0.783591
0.830640
0.786857
0.768200
0.792587
0.791813
0.784028
0.753448
0.797129
0.796045
0.799295
0.789945
0.765716
0.821464
0.781597
0.799660
0.771624
0.811873
0.784873
0.795584
0.765236
0.792077
0.779888
0.781230
0.759428
0.733924
0.793584
0.761529
0.746625
0.788822
0.806293
0.759650
0.763972
0.793554
0.792541
0.797714
0.753612
0.800105
0.778200
0.802590
0.770986
0.809719
0.796995
0.791697
0.783748
0.801840
0.789746
0.805002
0.773706
0.821682
0.781503
0.822355
0.751993
0.805188
0.781919
0.775585
0.849842
0.824338
0.667589
0.812302
0.718039
0.799555
0.782491
0.768342
0.716644
0.832677
0.817451
0.820119
0.838691
0.810017
0.825470
0.799649
0.792944
0.802886
0.795642
0.775137
0.740735
0.822657
0.769090
0.781441
0.774796
0.784747
0.782987
0.749542
0.760704
0.766503
0.796898
0.773290
0.744202
0.804719
0.786276
0.806418
0.766575
0.787249
0.783765
0.742563
0.758154
0.784619
0.784115
0.800960
0.802134
0.805194
0.780548
0.776866
0.767344
0.816916
0.787014
0.761537
0.812673
0.797607
0.798192
0.786704
0.788434
0.795976
0.791612
0.786614
0.771511
0.810047
0.801529
0.782257
0.762642
0.803943
0.796260
0.811093
0.763269
0.773136
0.790542
0.752006
0.773756
0.793240
0.819103
0.793048
0.768559
0.750290
0.782922
0.777943
0.765332
0.791966
0.812374
0.781012
0.771522
0.821708
0.787721
0.800438
0.778967
0.814438
0.792950
0.804165
0.770397
0.799346
0.792671
0.819511
0.778116
0.803669
0.758798
0.804235
0.779858
0.800221
0.755199
0.795115
0.785764
0.813015
0.801259
0.807724
0.752065
0.800480
0.798609
0.758301
0.834978
0.797143
0.728185
0.773751
0.737521
0.811322
0.770249
0.781230
0.671933
0.803798
0.843278
0.794617
0.786676
0.812433
0.818529
0.760942
0.779911
0.734830
0.798690
0.777230
0.750023
0.792405
0.804249
0.786950
0.790585
0.782050
0.783190
0.741761
0.771482
0.814224
0.788307
0.791769
0.771979
0.816555
0.781081
0.769934
0.678772
0.802249
0.756397
0.775774
0.753088
0.786603
0.794658
0.761668
0.764615
0.766499
0.804250
0.788568
0.783976
0.783086
0.817784
0.757020
0.794460
0.750103
0.799166
0.788159
0.752104
0.796670
0.765484
0.790382
0.779197
0.763303
0.788746
0.792845
0.780226
0.785936
0.779635
0.792098
0.778284
0.813540
0.783130
0.796695
0.770877
0.793075
0.807234
0.749249
0.771380
0.788344
0.781669
0.763061
0.778859
0.793209
0.788391
0.755372
0.772431
0.792448
0.789054
0.745524
0.792349
0.800520
0.797098
0.796648
0.729423
0.814447
0.755545
0.785504
0.777906
0.821912
0.792356
0.748102
0.788104
0.814777
0.796895
0.751868
0.601859
0.708782
0.890324
0.597440
0.796180
0.807530
0.821566
0.803013
0.822009
0.821697
0.784553
0.754565
0.809810
0.800418
0.810437
0.820517
0.814607
0.816876
0.777888
0.828720
0.773822
0.756196
0.775159
0.791870
0.738885
0.792906
0.786343
0.775090
0.731363
0.789145
0.786830
0.770622
0.750913
0.793301
0.798206
0.767073
0.730557
0.809319
0.814082
0.792654
0.756117
0.790586
0.792989
0.783638
0.744927
0.816751
0.767001
0.772599
0.781354
0.819900
0.758253
0.795970
0.810052
0.819834
0.803763
0.809913
0.799763
0.823173
0.786882
0.776862
0.772437
0.813253
0.813659
0.758836
0.776576
0.811747
0.800171
0.817355
0.765821
0.810826
0.792624
0.792302
0.727244
0.788492
0.804109
0.774525
0.748452
0.791896
0.772621
0.781646
0.759209
0.778611
0.776293
0.786752
0.768658
0.773853
0.782493
0.805059
0.795934
0.801961
0.772232
0.793176
0.779910
0.788028
0.799334
0.786529
0.984196
0.785392
0.609448
0.807325
0.754318
0.796425
0.786217
0.694736
0.751756
0.830289
0.853980
0.870019
0.835926
0.803680
0.835655
0.759980
0.797054
0.795521
0.797836
0.820813
0.706682
0.776844
0.797088
0.772494
0.762525
0.773094
0.767465
0.779928
0.764447
0.768147
0.786808
0.763297
0.751293
0.789152
0.786862
0.773080
0.749348
0.824703
0.790867
0.794725
0.785410
0.781111
0.810072
0.783024
0.808563
0.803303
0.805127
0.784014
0.800417
0.741217
0.785941
0.809372
0.798127
0.806498
0.783674
0.775866
0.771770
0.794586
0.784413
0.814472
0.724945
0.793584
0.792006
0.771339
0.756658
0.820362
0.784525
0.787731
0.755968
0.803402
0.791573
0.792991
0.754111
0.776193
0.802045
0.790695
0.762684
0.793822
0.803836
0.779844
0.770252
0.803736
0.774716
0.798524
0.764049
0.797094
0.787707
0.818908
0.750429
0.815755
0.777493
0.744686
0.799596
0.797911
0.816185
0.791570
0.780721
0.808179
0.748259
0.797520
0.763203
0.790978
0.779942
0.773654
0.605052
0.828110
0.746568
0.634182
0.774997
0.771695
0.940722
0.753237
0.824394
0.845054
0.768532
0.788729
0.797688
0.820001
0.827197
0.790707
0.824967
0.823681
0.815417
0.783470
0.795907
0.793585
0.794557
0.748231
0.740798
0.789727
0.748141
0.785030
0.718972
0.799454
0.733763
0.767012
0.763894
0.763745
0.786393
0.805750
0.743954
0.780373
0.787814
0.763848
0.794350
0.786124
0.832251
0.796023
0.794228
0.808980
0.818153
0.808036
0.786650
0.802828
0.796996
0.817932
0.794082
0.801350
0.792189
0.812703
0.784841
0.801020
0.802550
0.798555
0.774354
0.792553
0.786277
0.772004
0.764878
0.804322
0.799051
0.780397
0.749485
0.791613
0.790460
0.744960
0.755366
0.801819
0.805823
0.799208
0.774599
0.780640
0.794913
0.779684
0.770094
0.771179
0.765765
0.814939
0.776824
0.805742
0.791392
0.788286
0.784447
0.798836
0.790631
0.803225
0.785946
0.783772
0.769709
0.799439
1.120090
0.752102
0.728600
0.783229
0.796768
0.768962
0.792578
0.718608
0.789749
0.847152
0.851027
0.841001
0.845613
0.809664
0.841779
0.756500
0.829729
0.819664
0.793150
0.840601
0.771487
0.791430
0.785052
0.783616
0.773489
0.783314
0.777267
0.779670
0.791949
0.776429
0.775302
0.743320
0.732629
0.794462
0.776367
0.790165
0.755886
0.781772
0.763251
0.774103
0.775754
0.832450
0.793159
0.790738
0.782899
0.789506
0.792485
0.801273
0.790565
0.819635
0.792588
0.791864
0.772818
0.829134
0.789597
0.782677
0.781488
0.816717
0.791736
0.804214
0.774298
0.791764
0.813527
0.780491
0.778629
0.798259
0.807387
0.763397
0.739981
0.776410
0.814421
0.787584
0.743712
0.802687
0.791142
0.801333
0.778016
0.800379
0.791239
0.775118
0.770950
0.803890
0.790951
0.780315
0.780645
0.810827
0.772211
0.784236
0.778060
0.802233
0.808468
0.813537
0.788907
0.818465
0.786807
0.766790
0.942836
0.787020
0.601551
0.790765
0.678102
0.790939
0.752018
0.722829
0.725981
0.849816
0.826479
0.842178
0.839101
0.812943
0.843534
0.758991
0.801189
0.797627
0.759647
0.816520
0.766156
0.831877
0.783775
0.782435
0.755057
0.811967
0.741702
0.780134
0.731828
0.760029
0.779705
0.745513
0.753794
0.784849
0.794090
0.738009
0.793557
0.800617
0.788413
0.794987
0.750514
0.818032
0.788357
0.786545
0.784800
0.821012
0.798650
0.771755
0.771143
0.772653
0.770211
0.799745
0.773711
0.791968
0.792943
0.807664
0.766091
0.796369
0.789008
0.803681
0.812505
0.799563
0.783043
0.763315
0.743265
0.814687
0.748542
0.782726
0.748366
0.796903
0.779528
0.740808
0.735709
0.796483
0.788076
0.754942
0.779067
0.784327
0.804073
0.793990
0.773480
0.795747
0.798757
0.783073
0.768701
0.800781
0.817944
0.738106
0.763451
0.803038
0.772220
0.769396
0.807460
0.733424
0.794516
0.744020
0.785339
0.737723
0.759235
0.774766
0.651757
0.849804
0.755249
0.816567
0.733014
0.848183
0.825323
0.814471
0.778272
0.758082
0.816014
0.776693
0.831477
0.804205
0.767200
0.803369
0.785242
0.779658
0.781182
0.783737
0.754664
0.782181
0.776471
0.726093
0.747216
0.773574
0.777023
0.770529
0.746600
0.771671
0.780642
0.772308
0.751022
0.780919
0.786038
0.776591
0.768982
0.790264
0.786361
0.780323
0.774395
0.792782
0.783523
0.782676
0.782851
0.802199
0.779585
0.786384
0.786716
0.798319
0.777052
0.784583
0.784966
0.802401
0.776931
0.786520
0.776493
0.795555
0.779510
0.781914
0.771697
0.790228
0.784161
0.780788
0.763510
0.790374
0.791223
0.776272
0.756998
0.738368
0.769020
0.779379
0.730623
0.806491
0.749741
0.775099
0.765278
0.805783
0.814761
0.783339
0.786063
0.810202
0.784113
0.771261
0.789889
0.780526
0.790020
0.768626
0.805620
0.796174
0.806135
0.806763
0.783776
0.800067
0.789532
0.778710
0.794182
0.810003
0.790923
0.808586
1.061043
0.782805
0.672696
0.896175
0.800676
0.786553
0.831272
0.747625
0.758460
0.827005
0.837645
0.796271
0.738264
0.824858
0.836363
0.753618
0.818116
0.792716
0.772172
0.792441
0.754421
0.780985
0.774436
0.773777
0.762930
0.786485
0.770749
0.775717
0.755929
0.789947
0.783932
0.772795
0.767537
0.796022
0.785164
0.779355
0.775170
0.798298
0.785631
0.781412
0.778604
0.801893
0.785996
0.781821
0.779164
0.802032
0.788042
0.784830
0.780175
0.800865
0.790099
0.782629
0.776818
0.800375
0.792683
0.780837
0.772737
0.796128
0.791362
0.779554
0.768658
0.796601
0.791176
0.779053
0.764611
0.794357
0.787828
0.777846
0.763234
0.797590
0.786244
0.778766
0.767247
0.794106
0.783985
0.779429
0.770887
0.797458
0.784440
0.778618
0.775358
0.800884
0.784905
0.779718
0.777184
0.800860
0.788306
0.780822
0.776463
0.797860
0.789969
0.779433
0.775227
0.799667
0.792056
0.778837
0.772423
0.798107
0.792529
0.778429
0.768793
0.797728
0.790262
0.781693
0.766974
0.795650
0.787786
0.779309
0.775407
0.786411
0.784904
0.783774
0.772891
0.766237
0.785821
0.743405
0.783829
0.796375
0.789491
0.785114
0.771374
0.766837
0.760640
0.794102
0.787594
0.802204
0.802385
0.798813
0.770616
0.796678
0.809510
0.800308
0.787393
0.780103
0.799756
0.779040
0.762276
0.813368
0.801588
0.779935
0.788906
0.800968
0.813317
0.781033
0.787843
0.783267
0.804112
0.793368
0.776558
0.794897
0.795875
0.769726
0.775238
0.795836
0.786107
0.759743
0.776193
0.822078
0.794310
0.809063
0.774831
0.798327
0.783375
0.776160
0.797580
0.813505
0.792646
0.776557
0.796007
0.806761
0.800660
0.790961
0.785399
0.822995
0.787930
0.777936
0.779039
0.780397
0.792769
0.797282
0.764395
0.800583
0.794728
0.765148
0.778361
0.813481
0.786503
0.786206
0.775195
0.801026
0.796335
0.797824
0.736677
0.816293
0.798798
0.805432
0.727658
0.798964
0.770855
0.749357
0.770106
0.797227
0.795781
0.810592
0.782607
0.797928
0.792254
0.794631
0.784888
0.794508
0.796486
0.802655
0.774604
0.795415
0.809221
0.791317
0.774961
0.811080
0.803595
0.781494
0.768734
0.819806
0.786356
0.779436
0.766656
0.766655
0.769337
0.786148
0.771210
0.803078
0.789806
0.763731
0.770358
0.798078
0.786503
0.782578
0.770184
0.800403
0.786203
0.783384
0.771590
0.797635
0.786222
0.785307
0.773611
0.798614
0.788729
0.780356
0.773608
0.798344
0.789923
0.781507
0.772267
0.796928
0.790765
0.784609
0.775822
0.798117
0.791020
0.780988
0.764524
0.795666
0.803419
0.806027
0.770546
0.797391
0.789055
0.784341
0.768312
0.811305
0.759277
0.768438
0.783538
0.785823
0.805864
0.798320
0.748649
0.800434
0.771932
0.811807
0.787874
0.802070
0.790853
0.787571
0.777850
0.819613
0.810721
0.778979
0.768319
0.781766
0.769822
0.808369
0.771651
0.797069
0.754079
0.797296
0.792034
0.796493
0.802905
0.757943
0.771754
0.808375
0.771300
0.786499
0.800671
0.776329
0.783275
0.794065
0.771350
0.798744
0.801933
0.786269
0.741725
0.803984
0.786743
0.794034
0.779202
0.795587
0.789218
0.780782