0.712846
0.753426
0.757073
0.744991
0.712675
0.751842
0.760283
0.741443
0.709081
0.751832
0.759548
0.740570
0.711368
0.754009
0.768843
0.742997
0.711636
0.751173
0.764712
0.741495
0.713646
0.753952
0.766246
0.740699
0.714162
0.756710
0.765850
0.743116
0.714893
0.756716
0.767360
0.744165
0.718910
0.755565
0.764595
0.745010
0.716091
0.756502
0.763158
0.745825
0.707321
0.751706
0.761207
0.744469
0.717930
0.754324
0.760176
0.745037
0.713448
0.753660
0.767362
0.743619
0.714228
0.754120
0.771236
0.743854
0.714050
0.758499
0.772250
0.744404
0.713764
0.755747
0.770231
0.745446
0.715045
0.754331
0.768808
0.744221
0.713167
0.752885
0.765597
0.745997
0.713448
0.752757
0.763255
0.742831
0.714323
0.755381
0.763034
0.743243
0.713012
0.755108
0.764752
0.743468
0.710246
0.753597
0.766334
0.744728
0.715176
0.753874
0.767681
0.746284
0.715059
0.754766
0.767918
0.744066
0.713732
0.756828
0.768049
0.745893
0.708640
0.751413
0.766420
0.740644
0.710581
0.752657
0.767068
0.744741
0.712123
0.751211
0.764625
0.743625
0.711295
0.754001
0.766464
0.743719
0.713146
0.753959
0.765697
0.741783
0.713753
0.755993
0.766040
0.746416
0.715854
0.756388
0.764332
0.743094
0.716641
0.754865
0.765589
0.744213
0.716472
0.754491
0.759541
0.747163
0.715748
0.754126
0.763146
0.743175
0.649689
0.781157
0.842192
1.047619
0.534968
0.776393
0.819232
0.957700
0.765556
0.818895
0.824921
0.820912
0.771544
0.706439
0.739039
0.724360
0.732827
0.774406
0.797915
0.753092
0.743995
0.747275
0.749051
0.742105
0.689127
0.737699
0.749107
0.737667
0.716084
0.750201
0.747606
0.744595
0.711451
0.743208
0.745291
0.738609
0.718697
0.759470
0.750877
0.747391
0.726227
0.755898
0.757610
0.745440
0.731915
0.761348
0.763693
0.749952
0.731477
0.762375
0.766982
0.743966
0.726590
0.762264
0.766257
0.745834
0.719660
0.753515
0.759628
0.742059
0.711050
0.754182
0.753515
0.740176
0.707984
0.752428
0.746935
0.739311
0.707332
0.750542
0.746113
0.740020
0.715541
0.749523
0.746998
0.745370
0.722233
0.754731
0.751410
0.744583
0.731997
0.758461
0.755734
0.746962
0.703722
0.773372
0.833605
0.993728
0.582958
0.772713
0.695922
0.783345
0.728674
0.811175
0.820174
0.806705
0.729971
0.697778
0.735602
0.702373
0.690479
0.767689
0.801540
0.742707
0.693036
0.739777
0.746392
0.739554
0.667354
0.738714
0.750301
0.733436
0.675708
0.749385
0.743322
0.749197
0.681845
0.748741
0.746899
0.742987
0.695043
0.760908
0.752443
0.751170
0.699208
0.762641
0.759096
0.747785
0.703368
0.765514
0.764624
0.749719
0.704061
0.757848
0.767577
0.744373
0.689659
0.758117
0.766616
0.743590
0.676631
0.748267
0.760760
0.742491
0.668678
0.740663
0.755766
0.736475
0.669135
0.743386
0.750142
0.736720
0.676026
0.745932
0.747139
0.737902
0.686896
0.748347
0.746898
0.741330
0.696813
0.754094
0.750382
0.744335
0.701173
0.758572
0.751310
0.749920
0.750817
0.767417
0.891015
1.014879
0.633410
0.761889
0.764457
0.705640
0.720089
0.796366
0.840653
0.855444
0.811938
0.755471
0.752722
0.810264
0.708711
0.762894
0.791833
0.757803
0.735833
0.772333
0.772103
0.748819
0.685603
0.734707
0.750760
0.724092
0.695267
0.738397
0.739057
0.739357
0.704713
0.743006
0.742672
0.742268
0.715069
0.749785
0.748423
0.746239
0.724311
0.758774
0.762521
0.747459
0.733895
0.761145
0.767437
0.746738
0.734212
0.766893
0.779397
0.747303
0.734354
0.764351
0.778571
0.748557
0.723041
0.763098
0.781649
0.746424
0.711683
0.754002
0.768740
0.742469
0.705248
0.748402
0.759151
0.740024
0.706667
0.744438
0.756395
0.739609
0.711886
0.748841
0.758004
0.744006
0.722445
0.754103
0.762593
0.746002
0.880948
0.626434
0.686640
0.817538
0.634807
0.812897
0.832056
0.712528
0.828076
0.805188
0.798856
0.682682
0.733064
0.741807
0.784340
0.706989
0.740629
0.787709
0.781708
0.759175
0.722686
0.747637
0.761486
0.738402
0.707759
0.732185
0.740998
0.736414
0.693740
0.738704
0.735705
0.736216
0.700643
0.736661
0.742352
0.738935
0.715469
0.751006
0.763287
0.746305
0.727046
0.755525
0.775309
0.745376
0.740662
0.763919
0.787141
0.747033
0.749769
0.766824
0.792779
0.747940
0.746947
0.765606
0.791851
0.750443
0.732842
0.763111
0.775016
0.748632
0.720294
0.752266
0.770764
0.742741
0.709642
0.744869
0.757511
0.739421
0.704975
0.739054
0.754059
0.736887
0.710212
0.743165
0.757337
0.738726
0.722344
0.749017
0.766154
0.743898
0.756555
0.758136
0.996226
0.870567
0.658848
0.673329
0.746294
0.868004
0.738265
0.843146
0.838841
0.830965
0.828751
0.702075
0.731300
0.780950
0.719501
0.766752
0.796903
0.752480
0.752698
0.776086
0.797708
0.761956
0.686092
0.729891
0.762116
0.723642
0.682404
0.736938
0.755959
0.733634
0.695826
0.737301
0.756114
0.734417
0.713920
0.746181
0.761760
0.743420
0.731284
0.762862
0.773272
0.748860
0.744384
0.768445
0.780479
0.753565
0.751769
0.771958
0.791272
0.752304
0.747115
0.769350
0.796375
0.749259
0.734844
0.766423
0.791564
0.749225
0.718516
0.755553
0.780022
0.742659
0.699170
0.745541
0.771483
0.737026
0.696096
0.737120
0.758822
0.738431
0.702722
0.741414
0.759444
0.741542
0.716604
0.748246
0.759575
0.744676
0.731679
0.756640
0.767109
0.750769
0.673301
0.637851
0.649114
0.870757
0.683106
0.839814
0.852471
0.813716
0.884658
0.712557
0.780942
0.741768
0.689244
0.763394
0.775835
0.763721
0.760121
0.779525
0.784803
0.755787
0.681945
0.732350
0.759852
0.733117
0.695033
0.733395
0.754277
0.730605
0.690974
0.730730
0.754103
0.739603
0.708184
0.741816
0.763474
0.742793
0.720473
0.752762
0.769966
0.747374
0.729305
0.758216
0.778915
0.750887
0.748053
0.766066
0.785417
0.752597
0.741698
0.769176
0.790034
0.752893
0.735400
0.766843
0.790753
0.748020
0.717350
0.759214
0.789581
0.747286
0.705674
0.748364
0.782553
0.740212
0.697372
0.742511
0.772783
0.738009
0.697583
0.743268
0.779497
0.735055
0.704430
0.746750
0.772674
0.740781
0.671368
0.760702
0.975336
1.003919
0.549534
0.816067
0.767064
0.840139
0.753487
0.819641
0.805999
0.846419
0.808941
0.714764
0.767877
0.829257
0.734580
0.773966
0.800110
0.757023
0.746042
0.779251
0.780767
0.755427
0.697767
0.737868
0.769326
0.732393
0.688182
0.733753
0.752091
0.736848
0.671185
0.725988
0.756470
0.731357
0.703444
0.739643
0.756383
0.742266
0.720447
0.751794
0.770533
0.746946
0.733382
0.759818
0.780304
0.748781
0.747263
0.768585
0.794073
0.746309
0.749348
0.771384
0.794856
0.752841
0.744071
0.768167
0.793820
0.750469
0.729852
0.760068
0.779264
0.748186
0.711654
0.748143
0.756709
0.740251
0.701730
0.736003
0.744967
0.737384
0.699625
0.735722
0.741906
0.737838
0.710741
0.739750
0.749239
0.742138
0.774885
0.738945
0.809415
0.763275
0.611603
0.789555
0.807382
0.781166
0.846192
0.772480
0.763066
0.665558
0.742331
0.733109
0.781828
0.732285
0.749836
0.784795
0.788837
0.753855
0.731918
0.748709
0.764256
0.739649
0.711400
0.739985
0.747522
0.728590
0.698675
0.740111
0.738139
0.728578
0.703364
0.735428
0.737676
0.729915
0.714482
0.747943
0.745449
0.742896
0.729518
0.755491
0.756427
0.743792
0.739313
0.764623
0.763755
0.748221
0.745017
0.767637
0.772911
0.748758
0.743859
0.767451
0.772617
0.751383
0.734280
0.760268
0.767116
0.744201
0.723263
0.750796
0.758592
0.744601
0.708722
0.746015
0.749505
0.736135
0.705840
0.737505
0.743213
0.736189
0.711443
0.738863
0.743492
0.736474
0.680189
0.767662
0.714678
1.022517
0.543390
0.814268
0.816704
0.750374
0.743818
0.810572
0.793099
0.831492
0.787300
0.746270
0.752769
0.749763
0.739096
0.777476
0.786290
0.756939
0.754113
0.770935
0.769739
0.755982
0.705699
0.741421
0.750306
0.732276
0.692488
0.740116
0.735454
0.728721
0.687172
0.726513
0.730324
0.725328
0.701120
0.735137
0.733581
0.734929
0.716256
0.745732
0.746025
0.746262
0.733272
0.751872
0.754633
0.743872
0.746267
0.763478
0.767403
0.750356
0.750159
0.765024
0.769252
0.746425
0.743371
0.764723
0.769513
0.748706
0.732159
0.756312
0.760532
0.745886
0.713707
0.747601
0.751652
0.739170
0.701572
0.736694
0.742043
0.732927
0.696829
0.735237
0.738303
0.732234
0.706022
0.739300
0.739970
0.734070
0.720774
0.745661
0.748332
0.741075
0.827696
0.633760
0.676763
0.500885
0.663693
0.796740
0.829123
0.745725
0.886351
0.763966
0.781737
0.703798
0.696369
0.742901
0.761875
0.737000
0.746987
0.803176
0.779269
0.762822
0.712280
0.755324
0.765304
0.738315
0.703555
0.747757
0.749510
0.734462
0.696623
0.745033
0.750750
0.734372
0.704205
0.743544
0.744704
0.736935
0.714936
0.754915
0.757342
0.745782
0.732576
0.756144
0.760277
0.745519
0.744755
0.766181
0.771015
0.748611
0.748461
0.765294
0.769705
0.748662
0.741144
0.766317
0.768682
0.747966
0.727368
0.756303
0.762663
0.743888
0.712659
0.747579
0.757569
0.738744
0.697231
0.738933
0.747743
0.732210
0.701491
0.741326
0.750638
0.735568
0.710169
0.748354
0.752887
0.739545
0.719891
0.751477
0.756040
0.743484
0.732326
0.759502
0.761567
0.749115
0.742716
0.767614
0.764242
0.752585
0.750581
0.767445
0.771693
0.752514
0.732460
0.766055
0.762879
0.756622
0.719369
0.754479
0.752804
0.752446
0.718442
0.754550
0.760270
0.743677
0.718431
0.749673
0.757511
0.741408
0.723572
0.745420
0.755263
0.743358
0.726068
0.747500
0.755881
0.743630
0.736560
0.748956
0.755412
0.748798
0.744975
0.757656
0.761846
0.749291
0.750867
0.760291
0.761236
0.752062
0.751730
0.757997
0.761617
0.754874
0.747239
0.761468
0.764988
0.750160
0.740038
0.758904
0.763383
0.745521