0.771051
0.789833
0.790127
0.779789
0.770844
0.793357
0.790156
0.780940
0.770936
0.793832
0.790418
0.780164
0.767382
0.790253
0.787935
0.777161
0.769368
0.790119
0.789763
0.780200
0.766355
0.789163
0.784397
0.775846
0.768454
0.792501
0.789682
0.781176
0.769273
0.791370
0.790382
0.779699
0.769948
0.792764
0.791982
0.779433
0.768792
0.794083
0.792463
0.782929
0.772463
0.792638
0.790689
0.780943
0.769280
0.793397
0.789380
0.775011
0.760654
0.793191
0.787424
0.777401
0.761624
0.790068
0.782207
0.780560
0.762677
0.790177
0.785500
0.777148
0.763807
0.792358
0.789380
0.778592
0.768396
0.792576
0.792898
0.780391
0.769118
0.789797
0.794094
0.778222
0.767089
0.790313
0.790708
0.779381
0.767051
0.790687
0.789946
0.781198
0.767416
0.789500
0.788167
0.779377
0.765815
0.789037
0.787000
0.781420
0.766085
0.789967
0.787625
0.775525
0.766892
0.789500
0.789010
0.781444
0.764553
0.790541
0.789152
0.782446
0.764977
0.788865
0.790482
0.780672
0.764141
0.792589
0.790047
0.781883
0.765376
0.788522
0.789796
0.780495
0.762440
0.788139
0.791515
0.783078
0.763281
0.791974
0.790606
0.780411
0.763935
0.791799
0.791423
0.780325
0.764624
0.795744
0.791019
0.778759
0.763976
0.795046
0.790148
0.783458
0.769424
0.791775
0.786402
0.781104
0.764868
0.796796
0.788095
0.778819
0.768172
0.795804
0.789885
0.779520
0.763916
0.792381
0.787647
0.780426
0.763959
0.789143
0.785882
0.781344
0.761217
0.790864
0.785308
0.779158
0.762850
0.787976
0.786167
0.779106
0.767043
0.790057
0.784299
0.778138
0.771079
0.791969
0.790846
0.781306
0.777237
0.798702
0.799009
0.751312
0.728516
0.855167
0.691772
0.720163
0.767467
0.834314
0.764249
0.823508
0.845383
0.746089
0.849147
0.760830
0.823396
0.830841
0.814208
0.801660
0.790948
0.825392
0.812546
0.799429
0.768463
0.802392
0.786587
0.782219
0.749614
0.786302
0.774851
0.775031
0.744500
0.774733
0.767315
0.760288
0.719682
0.770448
0.777206
0.761936
0.727599
0.779895
0.794619
0.769398
0.747055
0.788366
0.793236
0.765223
0.763273
0.796205
0.807409
0.786905
0.780124
0.800406
0.798284
0.788061
0.786923
0.807417
0.799028
0.789052
0.783718
0.802550
0.795126
0.788687
0.772539
0.800418
0.793146
0.786128
0.761975
0.789826
0.790655
0.781607
0.748761
0.783870
0.791198
0.774318
0.737426
0.780103
0.792992
0.768659
0.737833
0.780914
0.796181
0.771689
0.752663
0.788250
0.798367
0.778291
0.762737
0.789305
0.799808
0.780989
0.748942
0.795734
0.798072
0.787156
0.691015
0.642181
0.408017
0.654912
0.707295
0.830837
0.912894
0.754618
0.796740
0.812109
0.816925
0.743204
0.799951
0.797669
0.778174
0.786356
0.779718
0.823893
0.831932
0.803037
0.738366
0.802167
0.796196
0.782229
0.725035
0.780164
0.778667
0.772156
0.704975
0.761084
0.785477
0.750610
0.686021
0.766516
0.778819
0.758089
0.710586
0.781396
0.801845
0.774865
0.746074
0.789581
0.793624
0.776886
0.756776
0.800250
0.806246
0.782522
0.766707
0.803982
0.799363
0.785034
0.773879
0.804038
0.797229
0.786229
0.765279
0.798330
0.793549
0.786448
0.742839
0.789389
0.787998
0.780823
0.728510
0.784770
0.791798
0.774825
0.722907
0.777135
0.790874
0.772264
0.723132
0.778802
0.798795
0.774047
0.735589
0.790108
0.803607
0.773659
0.748296
0.791780
0.803567
0.782722
0.768856
0.797105
0.797958
0.787305
0.693977
0.766838
0.836292
0.702841
0.729361
0.880291
0.843626
0.867404
0.820791
0.869360
0.824259
0.796563
0.824583
0.768120
0.792031
0.789249
0.768085
0.836803
0.806176
0.808135
0.746520
0.808253
0.801153
0.784712
0.744947
0.778880
0.794930
0.773759
0.729662
0.773379
0.773192
0.761821
0.695273
0.765826
0.777816
0.758034
0.699084
0.772067
0.790169
0.759394
0.721731
0.784017
0.795391
0.775408
0.747717
0.795896
0.798548
0.785723
0.765959
0.801829
0.797179
0.786697
0.775691
0.804892
0.797302
0.788765
0.777277
0.804080
0.794916
0.790112
0.724661
0.800496
0.790320
0.787562
0.733918
0.787023
0.787104
0.781048
0.736668
0.780778
0.791387
0.775689
0.733782
0.774711
0.790450
0.771808
0.740900
0.781497
0.800387
0.771413
0.761419
0.789098
0.805447
0.781897
0.803624
0.745984
0.870700
0.477415
0.801955
0.875666
0.850195
0.799303
0.785652
0.860414
0.822723
0.764384
0.843116
0.800084
0.779162
0.790877
0.812215
0.833978
0.826668
0.808405
0.723718
0.828488
0.807423
0.805843
0.701497
0.805522
0.791811
0.785653
0.671560
0.780018
0.780707
0.769023
0.664293
0.767842
0.745357
0.751657
0.642583
0.753913
0.776079
0.753007
0.661476
0.771021
0.797780
0.768621
0.675946
0.785163
0.802960
0.777182
0.686099
0.795151
0.804313
0.785219
0.713147
0.800156
0.799249
0.788490
0.789054
0.806474
0.794699
0.795562
0.785467
0.804134
0.789595
0.792521
0.766733
0.796431
0.784805
0.789004
0.749354
0.788067
0.785514
0.778358
0.734893
0.778564
0.792726
0.771749
0.732510
0.776459
0.800364
0.771428
0.740943
0.783753
0.804845
0.771728
0.762754
0.796662
0.811368
0.785000
0.666180
0.730369
0.661450
0.980700
0.646962
0.841817
0.846575
0.877415
0.801343
0.813488
0.800394
0.784075
0.762079
0.798434
0.748863
0.790883
0.709083
0.837770
0.796923
0.811733
0.700859
0.818199
0.802327
0.791661
0.695231
0.793180
0.781649
0.783213
0.674882
0.777600
0.786429
0.770962
0.659135
0.766297
0.822776
0.756741
0.662423
0.765337
0.793369
0.753613
0.685352
0.775065
0.802714
0.775167
0.703570
0.784547
0.798195
0.777788
0.719737
0.789631
0.794124
0.784740
0.733465
0.795923
0.786685
0.783067
0.743276
0.798291
0.781194
0.785097
0.728950
0.801740
0.784552
0.789695
0.718672
0.792910
0.786376
0.784299
0.707837
0.786625
0.791624
0.779848
0.711988
0.779261
0.792563
0.772664
0.713980
0.778202
0.797948
0.770833
0.723266
0.781904
0.800067
0.770648
0.716325
0.789679
0.800036
0.779497
0.728554
0.794634
0.797481
0.783124
0.741538
0.795619
0.790408
0.790879
0.734525
0.788132
0.889384
0.448061
0.742954
0.847369
0.869023
0.824314
0.778860
0.849418
0.814845
0.837170
0.827639
0.785806
0.760683
0.789379
0.763939
0.823989
0.833500
0.807182
0.733972
0.810804
0.798161
0.786282
0.712371
0.787661
0.793813
0.775441
0.710942
0.775232
0.810823
0.766388
0.691782
0.764216
0.862061
0.762105
0.693543
0.772203
0.780624
0.768975
0.710311
0.780240
0.795011
0.778315
0.729759
0.789337
0.794487
0.784751
0.748689
0.799972
0.789960
0.791525
0.748969
0.801113
0.791700
0.789352
0.749553
0.798510
0.788546
0.790645
0.735443
0.794277
0.790755
0.785483
0.724106
0.784687
0.787458
0.778326
0.709828
0.778815
0.791695
0.776337
0.706497
0.778622
0.793809
0.774869
0.702409
0.782425
0.795273
0.778489
0.710386
0.786579
0.793314
0.778578
0.722335
0.793076
0.791749
0.785071
0.747284
0.797250
0.791787
0.792273
0.593852
0.788209
0.771276
0.779094
0.653682
0.801491
0.757937
0.816557
0.819971
0.792718
0.799920
0.807120
0.736754
0.814777
0.794697
0.795802
0.718792
0.836325
0.852705
0.816353
0.693389
0.800490
0.795927
0.781481
0.701307
0.782114
0.775320
0.772935
0.689294
0.767338
0.797029
0.767485
0.684997
0.761809
0.785937
0.762542
0.704694
0.782536
0.790125
0.780068
0.725746
0.787735
0.800195
0.779509
0.740822
0.798430
0.792466
0.788650
0.719376
0.806562
0.797558
0.788318
0.724021
0.804430
0.787849
0.790673
0.724500
0.802599
0.790570
0.789079
0.714878
0.793753
0.786414
0.782288
0.692920
0.784638
0.789336
0.778514
0.682400
0.779811
0.790917
0.774468
0.686605
0.784251
0.795991
0.772042
0.699123
0.790403
0.797735
0.782089
0.711191
0.796894
0.801632
0.784074
0.664544
0.717506
0.690999
0.941602
0.729048
0.799167
0.818788
0.788098
0.780712
0.845686
0.814158
0.756620
0.818533
0.801983
0.790584
0.781840
0.789284
0.838252
0.802083
0.810653
0.774631
0.820239
0.795530
0.796641
0.769536
0.801778
0.792712
0.786671
0.748665
0.785656
0.782327
0.775031
0.721303
0.771744
0.787179
0.756479
0.703771
0.768376
0.794593
0.761114
0.716545
0.774929
0.795898
0.767658
0.735707
0.785085
0.796609
0.780165
0.753787
0.792127
0.798783
0.783768
0.766206
0.796337
0.786143
0.787382
0.771101
0.805142
0.782222
0.789117
0.770748
0.799473
0.780009
0.788282
0.762552
0.798417
0.783440
0.788223
0.747065
0.789154
0.787445
0.781939
0.734687
0.781219
0.792128
0.774040
0.728192
0.780121
0.799829
0.772334
0.735278
0.779451
0.803097
0.775190
0.747100
0.786950
0.801377
0.782132
0.763547
0.794409
0.799950
0.787067
0.668649
0.800886
0.795553
0.681809
0.751439
0.838764
0.833075
0.809942
0.846532
0.806478
0.795398
0.785015
0.795052
0.821384
0.797581
0.801443
0.757838
0.823856
0.804023
0.805221
0.736396
0.794680
0.791806
0.776723
0.723728
0.786190
0.789277
0.767097
0.711461
0.765000
0.796849
0.761969
0.701121
0.765349
0.791593
0.760453
0.710470
0.779318
0.796313
0.774659
0.738158
0.784433
0.793997
0.776829
0.754195
0.795196
0.798129
0.787087
0.768237
0.801914
0.790642
0.785504
0.771953
0.807123
0.788844
0.787108
0.763544
0.798795
0.785815
0.790014
0.748679
0.792839
0.784473
0.781550
0.734855
0.784501
0.787035
0.781987
0.726622
0.780629
0.791197
0.773905
0.726285
0.778643
0.796034
0.776116
0.733017
0.783151
0.802748
0.777619
0.744407
0.789321
0.800293
0.781348
0.755408
0.793555
0.796896
0.785086
1.098809
0.774724
0.934914
0.942196
0.693872
0.854212
0.771188
0.829008
0.745142
0.848684
0.844947
0.812934
0.861403
0.778136
0.774548
0.783619
0.778403
0.830494
0.804576
0.799064
0.751966
0.815335
0.800958
0.799086
0.751426
0.796960
0.785375
0.777708
0.735441
0.781649
0.777300
0.768640
0.708298
0.764702
0.782674
0.761795
0.705624
0.771273
0.791887
0.767627
0.729544
0.780182
0.795818
0.775136
0.746553
0.790139
0.801101
0.784537
0.766974
0.799665
0.793343
0.787510
0.778910
0.803114
0.793747
0.796996
0.772950
0.808568
0.791932
0.788889
0.771316
0.796484
0.786794
0.788179
0.755325
0.788315
0.783629
0.780871
0.739723
0.784805
0.786771
0.780560
0.731221
0.774817
0.786408
0.772327
0.732192
0.776900
0.793639
0.772317