0.753453
0.795428
0.788108
0.770939
0.752724
0.792230
0.787135
0.777086
0.750989
0.792100
0.786429
0.775213
0.752441
0.791504
0.785533
0.777655
0.754657
0.794257
0.787679
0.776239
0.748620
0.790487
0.786319
0.777846
0.755394
0.794447
0.787124
0.773999
0.751122
0.792705
0.788290
0.773542
0.753194
0.792559
0.786877
0.774345
0.752407
0.793781
0.786295
0.772981
0.751745
0.791775
0.785956
0.775339
0.755888
0.793979
0.786414
0.776783
0.751132
0.790008
0.785423
0.774376
0.754619
0.792704
0.786441
0.774614
0.756175
0.792018
0.785913
0.776205
0.753288
0.790309
0.786388
0.777503
0.754437
0.794910
0.785089
0.778415
0.754516
0.789177
0.785683
0.778144
0.754354
0.793459
0.786280
0.777122
0.754181
0.789993
0.785532
0.779085
0.754072
0.792156
0.786310
0.776740
0.756732
0.791272
0.784791
0.772154
0.756035
0.793184
0.786794
0.775561
0.751446
0.793030
0.787316
0.777120
0.752684
0.790945
0.788642
0.776266
0.756744
0.792705
0.786334
0.774620
0.755055
0.789990
0.785578
0.773138
0.752435
0.794171
0.786346
0.778266
0.759195
0.791649
0.785289
0.773705
0.755473
0.795674
0.789205
0.772422
0.760283
0.793079
0.786269
0.772659
0.759047
0.795338
0.787310
0.778200
0.759936
0.793623
0.787597
0.776403
0.757749
0.796307
0.791827
0.772175
0.851291
0.698350
1.353199
0.701972
0.736351
0.803912
0.796018
0.786580
0.763903
0.809863
0.780688
0.728315
0.739752
0.809188
0.766871
0.774437
0.717878
0.821308
0.830413
0.797259
0.744455
0.782766
0.784788
0.764900
0.737767
0.787458
0.800866
0.776762
0.736761
0.774025
0.781315
0.765762
0.739204
0.778118
0.749467
0.767120
0.743625
0.784054
0.800533
0.771699
0.750917
0.789589
0.780293
0.775199
0.762501
0.794715
0.797116
0.780891
0.767813
0.796544
0.796901
0.774220
0.764234
0.800223
0.796426
0.780724
0.759060
0.792635
0.794366
0.779928
0.750181
0.791950
0.793484
0.779888
0.751628
0.788752
0.790983
0.772361
0.750156
0.787031
0.786985
0.775783
0.749017
0.788332
0.788934
0.771157
0.754528
0.784993
0.788235
0.774752
0.755833
0.789427
0.790457
0.775627
0.757147
0.793546
0.793090
0.774648
0.758327
0.795272
0.793455
0.777274
0.758222
0.795517
0.794300
0.774517
0.758167
0.793338
0.792705
0.772309
0.754584
0.790822
0.790695
0.777556
0.808085
0.641551
1.349062
0.755960
0.683839
0.802703
0.729554
0.761355
0.709691
0.810366
0.763017
0.744333
0.749677
0.805934
0.785558
0.776745
0.712514
0.819962
0.837166
0.796025
0.715106
0.779209
0.795641
0.764298
0.708323
0.792254
0.804377
0.777778
0.704883
0.776556
0.714730
0.766818
0.700076
0.780608
0.774713
0.771251
0.710166
0.791582
0.786219
0.773526
0.723132
0.791381
0.791522
0.777499
0.726465
0.794642
0.798081
0.777666
0.729955
0.794542
0.800853
0.777894
0.735338
0.796796
0.799305
0.779525
0.726440
0.791843
0.794040
0.772894
0.722659
0.790933
0.791773
0.775434
0.714784
0.790318
0.789826
0.772696
0.713320
0.785843
0.782866
0.768472
0.713681
0.791187
0.787828
0.774740
0.718010
0.789396
0.784678
0.776231
0.720405
0.796838
0.792864
0.771669
0.727424
0.798834
0.794161
0.776781
0.727988
0.803747
0.796521
0.777220
0.731856
0.803057
0.799936
0.774125
0.733156
0.801293
0.798306
0.775811
0.804963
0.787388
0.926735
0.814336
0.689995
0.848443
0.813205
0.801999
0.832456
0.790019
0.795698
0.743152
0.754406
0.803776
0.819467
0.785779
0.759600
0.821005
0.826541
0.802501
0.736290
0.758394
0.769700
0.750152
0.724434
0.771969
0.769030
0.768867
0.740467
0.768084
0.768616
0.768509
0.743782
0.777308
0.771139
0.776163
0.750033
0.788385
0.795147
0.777565
0.753181
0.788922
0.765638
0.771340
0.762824
0.797145
0.830021
0.783825
0.768004
0.800545
0.811871
0.777693
0.766120
0.798983
0.791481
0.781053
0.762141
0.795336
0.794906
0.775581
0.753535
0.791023
0.792883
0.778959
0.745594
0.786081
0.791257
0.774650
0.739710
0.786080
0.791046
0.773157
0.740076
0.787261
0.788172
0.767717
0.745109
0.790563
0.790130
0.770902
0.754483
0.794607
0.788807
0.778684
0.760804
0.799520
0.792687
0.781086
0.761966
0.799999
0.794505
0.778467
0.764904
0.799818
0.794721
0.778512
0.762857
0.799215
0.796533
0.775440
0.575057
0.803670
1.174941
0.759201
0.781040
0.815854
0.765054
0.848191
0.816316
0.758460
0.774186
0.752823
0.751535
0.814410
0.797719
0.784663
0.756614
0.809782
0.819549
0.785491
0.744548
0.774344
0.768711
0.762152
0.727360
0.784257
0.785482
0.775502
0.727895
0.773778
0.791133
0.765598
0.731058
0.780802
0.780298
0.771647
0.737857
0.788248
0.801239
0.776313
0.745981
0.788457
0.801485
0.773861
0.754122
0.794040
0.805299
0.778959
0.756919
0.793248
0.799411
0.778319
0.758152
0.793782
0.796973
0.777303
0.755666
0.794465
0.794748
0.782377
0.749577
0.790199
0.791635
0.775396
0.743891
0.788982
0.787842
0.774348
0.743307
0.789095
0.787168
0.776540
0.740542
0.788605
0.788507
0.777916
0.740283
0.788602
0.789154
0.770240
0.744852
0.792365
0.793900
0.772044
0.749722
0.796859
0.796622
0.775247
0.749822
0.794865
0.797175
0.773920
0.756791
0.796287
0.795959
0.781186
0.758289
0.796170
0.796070
0.780246
0.585715
0.667915
1.143255
0.756054
0.786832
0.783880
0.769591
0.814462
0.787017
0.775436
0.765170
0.753041
0.771440
0.809870
0.809053
0.780989
0.755834
0.799361
0.818157
0.784415
0.714406
0.771433
0.789191
0.760740
0.709441
0.785913
0.804612
0.770780
0.721189
0.781640
0.778000
0.767235
0.723620
0.784313
0.731582
0.766141
0.728547
0.795459
0.812799
0.780908
0.742471
0.794987
0.798844
0.774933
0.745107
0.799167
0.804938
0.778226
0.747516
0.796487
0.802055
0.774562
0.748761
0.798831
0.803796
0.779297
0.742885
0.793328
0.795984
0.779500
0.736436
0.792435
0.794831
0.777310
0.728664
0.786016
0.784588
0.773362
0.730697
0.786731
0.787403
0.772390
0.731077
0.786084
0.788249
0.777520
0.735342
0.794990
0.794894
0.770708
0.739786
0.793293
0.797766
0.778043
0.744776
0.799206
0.801270
0.779004
0.749046
0.801858
0.801703
0.779722
0.745225
0.805018
0.879911
0.775337
0.499716
0.825342
0.809091
0.743955
0.745473
0.838376
0.838679
0.864791
0.787341
0.765682
0.712314
0.757665
0.734673
0.817157
0.815470
0.787585
0.749211
0.810897
0.813726
0.781124
0.724462
0.783433
0.780401
0.762304
0.718473
0.798061
0.789604
0.776296
0.718652
0.780701
0.781261
0.767866
0.714635
0.787049
0.777449
0.770333
0.720518
0.790980
0.795461
0.780056
0.729602
0.790428
0.799092
0.773152
0.733601
0.796951
0.802983
0.775006
0.737882
0.800410
0.806668
0.777460
0.736580
0.797827
0.797607
0.781406
0.733671
0.792836
0.793229
0.775933
0.729310
0.791769
0.791034
0.777026
0.722673
0.790075
0.785140
0.775601
0.722402
0.788625
0.787742
0.776210
0.722530
0.788611
0.786922
0.775532
0.727237
0.791928
0.791968
0.772842
0.731204
0.795883
0.798874
0.778134
0.735888
0.795449
0.800772
0.775342
0.742024
0.793650
0.798987
0.778073
0.763777
0.606251
0.843252
0.604363
0.625734
0.888117
0.802297
0.823574
0.796471
0.807328
0.795389
0.735805
0.779377
0.786801
0.797505
0.768360
0.751320
0.838551
0.860120
0.815335
0.753488
0.786573
0.805646
0.771016
0.720475
0.786547
0.778720
0.775202
0.710372
0.774933
0.805390
0.758386
0.708464
0.768367
0.709527
0.760502
0.716426
0.782511
0.792081
0.773022
0.737384
0.788744
0.796559
0.781830
0.747186
0.800764
0.809653
0.782726
0.755620
0.801650
0.806962
0.787537
0.758775
0.805858
0.804590
0.784638
0.752820
0.800688
0.800204
0.780591
0.740881
0.794731
0.793278
0.775268
0.728472
0.786454
0.789584
0.770994
0.720495
0.782074
0.784189
0.773729
0.721231
0.783921
0.782326
0.772071
0.727370
0.785056
0.788572
0.766824
0.738942
0.792801
0.793241
0.774696
0.746432
0.796253
0.796830
0.779874
0.752711
0.801541
0.801556
0.783565
0.753003
0.803056
0.805255
0.782806
0.681873
0.817845
0.911647
0.545704
0.774467
0.815946
0.792766
0.814532
0.820549
0.779944
0.796407
0.770530
0.767949
0.800737
0.810948
0.779799
0.774375
0.804534
0.823851
0.790264
0.761898
0.780722
0.782070
0.772299
0.747363
0.791236
0.796129
0.777386
0.745969
0.787532
0.791423
0.772369
0.756447
0.788470
0.681530
0.775362
0.755772
0.795326
0.799893
0.774165
0.756152
0.798590
0.800034
0.776260
0.710233
0.802598
0.804537
0.782748
0.708932
0.802441
0.804566
0.778707
0.698929
0.799232
0.804363
0.776690
0.711517
0.794915
0.797823
0.777987
0.695200
0.793990
0.791954
0.777937
0.687663
0.792564
0.784362
0.771073
0.706643
0.791842
0.783304
0.777634
0.737657
0.793983
0.785314
0.778333
0.745353
0.794743
0.789582
0.773757
0.751608
0.798434
0.797578
0.778429
0.752565
0.798152
0.801147
0.783621
0.754374
0.798067
0.801644
0.783112
0.748873
0.793668
0.800808
0.784161
0.609291
0.636126
1.186194
0.657219
0.664922
0.875859
0.854528
0.863179
0.792301
0.815006
0.779433
0.733222
0.728502
0.779467
0.763583
0.772659
0.731404
0.833080
0.858318
0.816782
0.768516
0.794522
0.809043
0.778726
0.735377
0.787968
0.771291
0.776991
0.720769
0.783393
0.787720
0.776970
0.717784
0.772968
0.777059
0.763972
0.711574
0.777570
0.773379
0.772112
0.728062
0.786696
0.801414
0.775268
0.737907
0.797715
0.805818
0.783516
0.751929
0.804497
0.804056
0.782779
0.756926
0.803682
0.802931
0.787068
0.753487
0.804152
0.797981
0.781499
0.744015
0.803308
0.792753
0.782506
0.733262
0.795438
0.789072
0.782897
0.711238
0.790958
0.781196
0.774483
0.711555
0.785544
0.781847
0.771345
0.720638
0.787641
0.786838
0.775204
0.728920
0.787000
0.792944
0.771744
0.739361
0.791151
0.795075
0.777721
0.746832
0.798235
0.797182
0.784117
0.751528
0.797599
0.797411
0.779707
0.716432
0.747279
0.931664
0.729177
0.648880
0.854507
0.734577
0.810091
0.761365
0.838340
0.848844
0.779615
0.761099
0.769323
0.799752
0.770697
0.753219
0.827473
0.778835
0.816166
0.736624
0.775419
0.796868
0.762254
0.718972
0.779700
0.781446
0.774427
0.718592
0.776858
0.790001
0.775257
0.712119
0.771468
0.742119
0.769329
0.721162
0.782690
0.793719
0.777595
0.737199
0.784850
0.789229
0.775702
0.749866
0.799264
0.806897
0.787600
0.757916
0.799396
0.809699
0.787721
0.756945
0.804044
0.807158
0.785087
0.756027
0.799058
0.800607
0.784913
0.737562
0.796120
0.792297
0.782252
0.725710
0.786510
0.787327
0.775811
0.667906
0.785220
0.782347
0.771120
0.664298
0.784260
0.784090
0.772298
0.666970
0.790471
0.791094
0.773898
0.680847
0.794387
0.796951
0.779871
0.693476
0.800402
0.798859
0.782974