0.745784
0.790834
0.791027
0.784937
0.745601
0.794188
0.789526
0.781660
0.745108
0.793773
0.791369
0.784686
0.747628
0.789114
0.785265
0.780122
0.738989
0.790419
0.787327
0.779934
0.736102
0.790402
0.785540
0.779593
0.737992
0.792581
0.790251
0.781061
0.742442
0.792541
0.790798
0.781286
0.743632
0.793309
0.789813
0.781866
0.743156
0.792387
0.791408
0.780654
0.743046
0.795391
0.789989
0.782526
0.745277
0.796148
0.791639
0.781930
0.744091
0.793067
0.789673
0.782454
0.745148
0.792777
0.789046
0.778468
0.747292
0.792792
0.789381
0.779530
0.748425
0.791507
0.786940
0.781646
0.749654
0.793574
0.787160
0.780990
0.747434
0.792089
0.790566
0.780049
0.746477
0.791773
0.789048
0.780295
0.747267
0.793140
0.789642
0.778329
0.751898
0.793724
0.789921
0.780965
0.750939
0.794358
0.792403
0.780762
0.749428
0.794751
0.789513
0.784026
0.749717
0.797644
0.790438
0.784665
0.748888
0.792390
0.789393
0.779470
0.748407
0.795930
0.791110
0.782461
0.750646
0.793988
0.788010
0.783440
0.753006
0.795043
0.789862
0.783401
0.749401
0.792856
0.790406
0.780944
0.743474
0.788944
0.789403
0.776250
0.742756
0.793840
0.786084
0.776753
0.749128
0.791617
0.790482
0.778254
0.749617
0.797983
0.791965
0.783883
0.755818
0.798081
0.789191
0.782350
0.758433
0.802148
0.787525
0.782667
0.764649
0.676023
0.796754
0.801983
0.531657
0.910931
0.912529
0.700284
0.812846
0.875532
0.787931
0.905138
0.765062
0.781425
0.820621
0.768743
0.836411
0.824637
0.767447
0.798251
0.732580
0.808258
0.798400
0.775258
0.754251
0.779789
0.781920
0.769138
0.739641
0.707164
0.797734
0.768198
0.753211
0.783437
0.799452
0.772709
0.757808
0.788363
0.800429
0.779367
0.766595
0.795173
0.795238
0.783517
0.770278
0.796895
0.789529
0.782703
0.766233
0.795973
0.784803
0.784639
0.762299
0.799506
0.781228
0.782354
0.752133
0.794548
0.781406
0.778743
0.747586
0.792244
0.782215
0.775015
0.751255
0.792715
0.791282
0.778602
0.756191
0.799768
0.796362
0.776742
0.760264
0.801966
0.798419
0.779446
0.763028
0.800525
0.797423
0.780713
0.761286
0.799297
0.794569
0.781679
0.762721
0.801006
0.786657
0.779587
0.752775
0.799061
0.784998
0.780068
0.799069
0.990634
0.760082
0.886381
0.789866
0.905427
0.748494
0.854640
0.813285
0.724558
0.766443
0.762608
0.834730
0.787614
0.774941
0.773978
0.772387
0.767807
0.779588
0.788195
0.767437
0.811542
0.823213
0.771136
0.745304
0.789186
0.782629
0.766534
0.748540
0.818893
0.802701
0.772814
0.755965
0.737699
0.791876
0.771992
0.760157
0.793708
0.797030
0.782530
0.767744
0.796623
0.786301
0.784310
0.769017
0.794591
0.786519
0.786320
0.766615
0.794417
0.786373
0.778512
0.763018
0.795778
0.785938
0.781689
0.759196
0.792681
0.791512
0.776628
0.757192
0.792130
0.793139
0.776714
0.762138
0.794338
0.796912
0.774013
0.756378
0.796484
0.793288
0.778719
0.756835
0.795872
0.796071
0.778611
0.754916
0.800842
0.790093
0.778642
0.758498
0.798559
0.788333
0.781361
0.746175
0.741421
0.799918
0.761265
0.726404
0.841679
0.826349
0.818141
0.771740
0.844523
0.740453
0.841963
0.734677
0.768190
0.798878
0.763122
0.829966
0.834956
0.777259
0.791844
0.703645
0.798764
0.798391
0.774027
0.744953
0.794884
0.801455
0.768013
0.736720
0.805032
0.789796
0.770824
0.749137
0.737084
0.812655
0.771900
0.746573
0.832998
0.797601
0.773682
0.752904
0.800056
0.802936
0.779236
0.756530
0.798998
0.788522
0.781189
0.758915
0.801824
0.784990
0.782750
0.756058
0.796359
0.778969
0.776699
0.751355
0.799053
0.783412
0.778275
0.749648
0.792362
0.788073
0.774946
0.748622
0.796089
0.795659
0.777745
0.743151
0.796408
0.801488
0.775338
0.738356
0.802208
0.803558
0.777767
0.722615
0.802891
0.801981
0.780295
0.621981
0.810499
0.797774
0.783517
0.699682
0.808998
0.790494
0.788333
0.644935
0.956731
0.744948
0.708026
0.671539
0.807475
0.809101
0.826659
0.677851
0.778065
0.810270
0.734185
0.790454
0.806765
0.772707
0.798828
0.738084
0.821995
0.794232
0.792932
0.745105
0.812469
0.806075
0.781475
0.731312
0.803205
0.788878
0.768026
0.718512
0.743783
0.803289
0.769964
0.727740
0.810232
0.792823
0.765597
0.739556
0.800589
0.803909
0.775661
0.752793
0.799913
0.790394
0.780669
0.758170
0.805107
0.788415
0.782682
0.762296
0.802522
0.782848
0.785801
0.759338
0.802215
0.782973
0.781523
0.750184
0.799213
0.786888
0.778974
0.743871
0.797389
0.792610
0.775153
0.743111
0.794518
0.799204
0.775848
0.755452
0.797200
0.801652
0.774088
0.753575
0.795795
0.797714
0.781789
0.754423
0.798425
0.793687
0.781054
0.753133
0.798521
0.788004
0.781497
0.767978
0.897567
0.796582
0.844189
0.770476
0.670327
0.749082
0.972919
0.763452
0.857691
0.765322
0.799193
0.768286
0.753820
0.788520
0.790871
0.782706
0.803777
0.757548
0.784490
0.724374
0.805049
0.788889
0.770529
0.743994
0.781072
0.801150
0.768266
0.746961
0.794381
0.802481
0.768336
0.754591
0.773920
0.815857
0.776065
0.758638
0.811007
0.806172
0.783045
0.763050
0.795320
0.806261
0.785078
0.762362
0.794267
0.793071
0.783543
0.756676
0.796109
0.783305
0.781673
0.748405
0.792516
0.777152
0.780459
0.743173
0.793943
0.781439
0.774022
0.747029
0.793037
0.785141
0.776454
0.751554
0.791607
0.796003
0.778984
0.758108
0.794223
0.801881
0.780758
0.764342
0.800358
0.803161
0.779167
0.767322
0.801719
0.804516
0.782561
0.766413
0.799434
0.799695
0.787274
0.708790
0.800412
0.792948
0.780987
0.729412
0.796334
0.787787
0.786268
0.742174
0.885343
0.745890
0.372563
0.826200
0.743359
0.763792
0.867090
0.759642
0.704997
0.799646
0.722506
0.770914
0.777925
0.764531
0.770751
0.729798
0.795828
0.785215
0.786387
0.727062
0.789636
0.811571
0.760908
0.688627
0.782449
0.790906
0.763882
0.674706
0.802449
0.814887
0.768780
0.716869
0.740294
0.797908
0.774846
0.717872
0.808691
0.802669
0.781155
0.715866
0.809763
0.791894
0.778596
0.728363
0.811076
0.793832
0.785747
0.740350
0.788764
0.787555
0.784342
0.739430
0.799969
0.789857
0.780793
0.700276
0.800101
0.795765
0.773682
0.701832
0.796408
0.801653
0.776801
0.699118
0.790697
0.800307
0.777943
0.702961
0.793049
0.798673
0.779677
0.710568
0.793900
0.796399
0.781607
0.718270
0.796698
0.792772
0.786027
0.724210
0.797879
0.790866
0.782268
0.723126
0.799077
0.791372
0.784357
0.800787
1.054420
0.800271
0.804383
0.797151
0.686857
0.776436
0.854438
0.729711
0.827506
0.790312
0.730240
0.746531
0.734786
0.780037
0.779025
0.724593
0.845300
0.782839
0.785961
0.716014
0.799715
0.804857
0.773965
0.716563
0.788880
0.781459
0.769668
0.703658
0.830501
0.801433
0.773584
0.707439
0.783081
0.794262
0.768564
0.707734
0.780134
0.804581
0.776476
0.720309
0.797718
0.795698
0.779232
0.727864
0.800771
0.799656
0.783102
0.727367
0.805034
0.791754
0.786715
0.723124
0.799539
0.792858
0.786201
0.719504
0.796537
0.788911
0.780600
0.712844
0.792860
0.792792
0.782519
0.708436
0.792220
0.794273
0.776733
0.711357
0.794968
0.798664
0.778168
0.716630
0.794664
0.798604
0.776154
0.719057
0.796111
0.797851
0.777978
0.724614
0.797947
0.797290
0.782053
0.729147
0.799700
0.794293
0.782558
0.705331
0.965369
0.792434
0.696289
0.797029
0.780371
0.770005
0.746650
0.699156
0.813522
0.806216
0.763777
0.748546
0.814822
0.775052
0.770215
0.733360
0.831840
0.781647
0.795655
0.723780
0.797559
0.794621
0.776239
0.712039
0.799399
0.785785
0.769145
0.715455
0.821263
0.808179
0.769930
0.719233
0.740068
0.808785
0.773980
0.722849
0.823780
0.814974
0.779919
0.729270
0.803423
0.810245
0.784297
0.730955
0.796847
0.802851
0.783417
0.730337
0.799833
0.790229
0.784479
0.726245
0.794500
0.781896
0.782293
0.720137
0.790206
0.778435
0.778877
0.717643
0.791670
0.785387
0.779079
0.715475
0.793763
0.791727
0.777461
0.715756
0.790773
0.800423
0.774244
0.725134
0.794814
0.807271
0.777928
0.730077
0.800898
0.812877
0.779847
0.735854
0.800766
0.807280
0.780965
0.724594
0.808610
0.803765
0.782751
0.719227
0.804681
0.792430
0.787688
0.811861
1.029980
0.818482
0.728214
0.805327
0.673886
0.710832
0.894500
0.776958
0.806111
0.791091
0.721139
0.711168
0.756990
0.798556
0.766512
0.758081
0.841343
0.781864
0.802069
0.683384
0.787747
0.813865
0.768332
0.697564
0.786817
0.786251
0.764820
0.673540
0.761106
0.807161
0.765549
0.647190
0.794230
0.801883
0.767955
0.690399
0.795866
0.800134
0.777938
0.706969
0.803277
0.796949
0.786378
0.717066
0.803989
0.787576
0.787213
0.725288
0.805867
0.786975
0.787439
0.718453
0.801926
0.785506
0.781699
0.710407
0.799678
0.793805
0.781740
0.699134
0.795928
0.798067
0.779183
0.672785
0.790881
0.803783
0.774494
0.685679
0.797860
0.805167
0.774369
0.703684
0.798731
0.805866
0.771842
0.714600
0.797942
0.801682
0.777907
0.728077
0.800115
0.795020
0.779628
0.720332
0.797420
0.790912
0.780193
0.714755
0.794327
0.787091
0.780849
0.719194
0.793865
0.784486
0.785059
0.717261
0.793701
0.786954
0.777475
0.789236
0.992719
0.802210
0.737610
0.779017
0.854870
0.812129
0.831741
0.785239
0.778434
0.870947
0.771186
0.738863
0.802462
0.772884
0.770465
0.740542
0.845561
0.800371
0.803684
0.719288
0.784106
0.791458
0.768832
0.718021
0.796547
0.781221
0.775695
0.729834
0.787396
0.799945
0.770315
0.731523
0.788179
0.788970
0.774198
0.742048
0.788250
0.800632
0.777514
0.746924
0.787440
0.792759
0.779014
0.754924
0.792034
0.799961
0.784513
0.759158
0.793641
0.796440
0.780926
0.761450
0.795485
0.799679
0.782518
0.761057
0.792431
0.797811
0.778483
0.718067
0.794010
0.796755
0.781936
0.703766
0.789598
0.798191
0.781734
0.683141
0.788302
0.794316
0.779812
0.697603
0.790279
0.793015
0.778266
0.729977
0.789774
0.794292
0.780422
0.751976
0.786842
0.793717
0.783780
0.762272
0.788164
0.795035
0.778743
0.761991
0.792913
0.798389
0.782756
0.765194
0.795821
0.797269
0.785008
0.762542
0.796735
0.799812
0.782563
0.761195
0.793259
0.794372
0.780892
0.757440
0.793263
0.795626
0.778186
0.753847
0.788779
0.791785
0.780303
0.756987
0.787877
0.794006
0.779062
0.754562
0.791192
0.790734
0.781563
0.749646
0.791821
0.794170
0.780571
0.741815
0.791251
0.794851
0.784911
0.748639
0.794398
0.794760
0.781576
0.763642
0.794866
0.797581
0.782185
0.779176
0.793358
0.794394
0.784036
0.776882
0.791097
0.796574
0.783576
0.773374
0.792808
0.792506
0.782560
0.771495
0.793076
0.794461
0.778936
0.769778
0.787426
0.790553
0.780777