$$$0720022107396518387DF305
END END

END END

END END

END END

END END

0.753453
0.795428
0.788108
0.770939
0.752724
0.792230
0.787135
0.777086
0.750989
0.792100
0.786429
0.775213
0.752441
0.791504
0.785533
0.777655
0.754657
0.794257
0.787679
0.776239
0.748620
0.790487
0.786319
0.777846
0.755394
0.794447
0.787124
0.773999
0.751122
0.792705
0.788290
0.773542
0.753194
0.792559
0.786877
0.774345
0.752407
0.793781
0.786295
0.772981
0.751745
0.791775
0.785956
0.775339
0.755888
0.793979
0.786414
0.776783
0.751132
0.790008
0.785423
0.774376
0.754619
0.792704
0.786441
0.774614
0.756175
0.792018
0.785913
0.776205
0.753288
0.790309
0.786388
0.777503
0.754437
0.794910
0.785089
0.778415
0.754516
0.789177
0.785683
0.778144
0.754354
0.793459
0.786280
0.777122
0.754181
0.789993
0.785532
0.779085
0.754072
0.792156
0.786310
0.776740
0.756732
0.791272
0.784791
0.772154
0.756035
0.793184
0.786794
0.775561
0.751446
0.793030
0.787316
0.777120
0.752684
0.790945
0.788642
0.776266
0.756744
0.792705
0.786334
0.774620
0.755055
0.789990
0.785578
0.773138
0.752435
0.794171
0.786346
0.778266
0.759195
0.791649
0.785289
0.773705
0.755473
0.795674
0.789205
0.772422
0.760283
0.793079
0.786269
0.772659
0.759047
0.795338
0.787310
0.778200
0.759936
0.793623
0.787597
0.776403
0.757749
0.796307
0.791827
0.772175
0.851291
0.698350
1.353199
0.701972
0.736351
0.803912
0.796018
0.786580
0.763903
0.809863
0.780688
0.728315
0.739752
0.809188
0.766871
0.774437
0.717878
0.821308
0.830413
0.797259
0.744455
0.782766
0.784788
0.764900
0.737767
0.787458
0.800866
0.776762
0.736761
0.774025
0.781315
0.765762
0.739204
0.778118
0.749467
0.767120
0.743625
0.784054
0.800533
0.771699
0.750917
0.789589
0.780293
0.775199
0.762501
0.794715
0.797116
0.780891
0.767813
0.796544
0.796901
0.774220
0.764234
0.800223
0.796426
0.780724
0.759060
0.792635
0.794366
0.779928
0.750181
0.791950
0.793484
0.779888
0.751628
0.788752
0.790983
0.772361
0.750156
0.787031
0.786985
0.775783
0.749017
0.788332
0.788934
0.771157
0.754528
0.784993
0.788235
0.774752
0.755833
0.789427
0.790457
0.775627
0.757147
0.793546
0.793090
0.774648
0.758327
0.795272
0.793455
0.777274
0.758222
0.795517
0.794300
0.774517
0.758167
0.793338
0.792705
0.772309
0.754584
0.790822
0.790695
0.777556
0.808085
0.641551
1.349062
0.755960
0.683839
0.802703
0.729554
0.761355
0.709691
0.810366
0.763017
0.744333
0.749677
0.805934
0.785558
0.776745
0.712514
0.819962
0.837166
0.796025
0.715106
0.779209
0.795641
0.764298
0.708323
0.792254
0.804377
0.777778
0.704883
0.776556
0.714730
0.766818
0.700076
0.780608
0.774713
0.771251
0.710166
0.791582
0.786219
0.773526
0.723132
0.791381
0.791522
0.777499
0.726465
0.794642
0.798081
0.777666
0.729955
0.794542
0.800853
0.777894
0.735338
0.796796
0.799305
0.779525
0.726440
0.791843
0.794040
0.772894
0.722659
0.790933
0.791773
0.775434
0.714784
0.790318
0.789826
0.772696
0.713320
0.785843
0.782866
0.768472
0.713681
0.791187
0.787828
0.774740
0.718010
0.789396
0.784678
0.776231
0.720405
0.796838
0.792864
0.771669
0.727424
0.798834
0.794161
0.776781
0.727988
0.803747
0.796521
0.777220
0.731856
0.803057
0.799936
0.774125
0.733156
0.801293
0.798306
0.775811
0.804963
0.787388
0.926735
0.814336
0.689995
0.848443
0.813205
0.801999
0.832456
0.790019
0.795698
0.743152
0.754406
0.803776
0.819467
0.785779
0.759600
0.821005
0.826541
0.802501
0.736290
0.758394
0.769700
0.750152
0.724434
0.771969
0.769030
0.768867
0.740467
0.768084
0.768616
0.768509
0.743782
0.777308
0.771139
0.776163
0.750033
0.788385
0.795147
0.777565
0.753181
0.788922
0.765638
0.771340
0.762824
0.797145
0.830021
0.783825
0.768004
0.800545
0.811871
0.777693
0.766120
0.798983
0.791481
0.781053
0.762141
0.795336
0.794906
0.775581
0.753535
0.791023
0.792883
0.778959
0.745594
0.786081
0.791257
0.774650
0.739710
0.786080
0.791046
0.773157
0.740076
0.787261
0.788172
0.767717
0.745109
0.790563
0.790130
0.770902
0.754483
0.794607
0.788807
0.778684
0.760804
0.799520
0.792687
0.781086
0.761966
0.799999
0.794505
0.778467
0.764904
0.799818
0.794721
0.778512
0.762857
0.799215
0.796533
0.775440
0.575057
0.803670
1.174941
0.759201
0.781040
0.815854
0.765054
0.848191
0.816316
0.758460
0.774186
0.752823
0.751535
0.814410
0.797719
0.784663
0.756614
0.809782
0.819549
0.785491
0.744548
0.774344
0.768711
0.762152
0.727360
0.784257
0.785482
0.775502
0.727895
0.773778
0.791133
0.765598
0.731058
0.780802
0.780298
0.771647
0.737857
0.788248
0.801239
0.776313
0.745981
0.788457
0.801485
0.773861
0.754122
0.794040
0.805299
0.778959
0.756919
0.793248
0.799411
0.778319
0.758152
0.793782
0.796973
0.777303
0.755666
0.794465
0.794748
0.782377
0.749577
0.790199
0.791635
0.775396
0.743891
0.788982
0.787842
0.774348
0.743307
0.789095
0.787168
0.776540
0.740542
0.788605
0.788507
0.777916
0.740283
0.788602
0.789154
0.770240
0.744852
0.792365
0.793900
0.772044
0.749722
0.796859
0.796622
0.775247
0.749822
0.794865
0.797175
0.773920
0.756791
0.796287
0.795959
0.781186
0.758289
0.796170
0.796070
0.780246
0.585715
0.667915
1.143255
0.756054
0.786832
0.783880
0.769591
0.814462
0.787017
0.775436
0.765170
0.753041
0.771440
0.809870
0.809053
0.780989
0.755834
0.799361
0.818157
0.784415
0.714406
0.771433
0.789191
0.760740
0.709441
0.785913
0.804612
0.770780
0.721189
0.781640
0.778000
0.767235
0.723620
0.784313
0.731582
0.766141
0.728547
0.795459
0.812799
0.780908
0.742471
0.794987
0.798844
0.774933
0.745107
0.799167
0.804938
0.778226
0.747516
0.796487
0.802055
0.774562
0.748761
0.798831
0.803796
0.779297
0.742885
0.793328
0.795984
0.779500
0.736436
0.792435
0.794831
0.777310
0.728664
0.786016
0.784588
0.773362
0.730697
0.786731
0.787403
0.772390
0.731077
0.786084
0.788249
0.777520
0.735342
0.794990
0.794894
0.770708
0.739786
0.793293
0.797766
0.778043
0.744776
0.799206
0.801270
0.779004
0.749046
0.801858
0.801703
0.779722
0.745225
0.805018
0.879911
0.775337
0.499716
0.825342
0.809091
0.743955
0.745473
0.838376
0.838679
0.864791
0.787341
0.765682
0.712314
0.757665
0.734673
0.817157
0.815470
0.787585
0.749211
0.810897
0.813726
0.781124
0.724462
0.783433
0.780401
0.762304
0.718473
0.798061
0.789604
0.776296
0.718652
0.780701
0.781261
0.767866
0.714635
0.787049
0.777449
0.770333
0.720518
0.790980
0.795461
0.780056
0.729602
0.790428
0.799092
0.773152
0.733601
0.796951
0.802983
0.775006
0.737882
0.800410
0.806668
0.777460
0.736580
0.797827
0.797607
0.781406
0.733671
0.792836
0.793229
0.775933
0.729310
0.791769
0.791034
0.777026
0.722673
0.790075
0.785140
0.775601
0.722402
0.788625
0.787742
0.776210
0.722530
0.788611
0.786922
0.775532
0.727237
0.791928
0.791968
0.772842
0.731204
0.795883
0.798874
0.778134
0.735888
0.795449
0.800772
0.775342
0.742024
0.793650
0.798987
0.778073
0.763777
0.606251
0.843252
0.604363
0.625734
0.888117
0.802297
0.823574
0.796471
0.807328
0.795389
0.735805
0.779377
0.786801
0.797505
0.768360
0.751320
0.838551
0.860120
0.815335
0.753488
0.786573
0.805646
0.771016
0.720475
0.786547
0.778720
0.775202
0.710372
0.774933
0.805390
0.758386
0.708464
0.768367
0.709527
0.760502
0.716426
0.782511
0.792081
0.773022
0.737384
0.788744
0.796559
0.781830
0.747186
0.800764
0.809653
0.782726
0.755620
0.801650
0.806962
0.787537
0.758775
0.805858
0.804590
0.784638
0.752820
0.800688
0.800204
0.780591
0.740881
0.794731
0.793278
0.775268
0.728472
0.786454
0.789584
0.770994
0.720495
0.782074
0.784189
0.773729
0.721231
0.783921
0.782326
0.772071
0.727370
0.785056
0.788572
0.766824
0.738942
0.792801
0.793241
0.774696
0.746432
0.796253
0.796830
0.779874
0.752711
0.801541
0.801556
0.783565
0.753003
0.803056
0.805255
0.782806
0.681873
0.817845
0.911647
0.545704
0.774467
0.815946
0.792766
0.814532
0.820549
0.779944
0.796407
0.770530
0.767949
0.800737
0.810948
0.779799
0.774375
0.804534
0.823851
0.790264
0.761898
0.780722
0.782070
0.772299
0.747363
0.791236
0.796129
0.777386
0.745969
0.787532
0.791423
0.772369
0.756447
0.788470
0.681530
0.775362
0.755772
0.795326
0.799893
0.774165
0.756152
0.798590
0.800034
0.776260
0.710233
0.802598
0.804537
0.782748
0.708932
0.802441
0.804566
0.778707
0.698929
0.799232
0.804363
0.776690
0.711517
0.794915
0.797823
0.777987
0.695200
0.793990
0.791954
0.777937
0.687663
0.792564
0.784362
0.771073
0.706643
0.791842
0.783304
0.777634
0.737657
0.793983
0.785314
0.778333
0.745353
0.794743
0.789582
0.773757
0.751608
0.798434
0.797578
0.778429
0.752565
0.798152
0.801147
0.783621
0.754374
0.798067
0.801644
0.783112
0.748873
0.793668
0.800808
0.784161
0.609291
0.636126
1.186194
0.657219
0.664922
0.875859
0.854528
0.863179
0.792301
0.815006
0.779433
0.733222
0.728502
0.779467
0.763583
0.772659
0.731404
0.833080
0.858318
0.816782
0.768516
0.794522
0.809043
0.778726
0.735377
0.787968
0.771291
0.776991
0.720769
0.783393
0.787720
0.776970
0.717784
0.772968
0.777059
0.763972
0.711574
0.777570
0.773379
0.772112
0.728062
0.786696
0.801414
0.775268
0.737907
0.797715
0.805818
0.783516
0.751929
0.804497
0.804056
0.782779
0.756926
0.803682
0.802931
0.787068
0.753487
0.804152
0.797981
0.781499
0.744015
0.803308
0.792753
0.782506
0.733262
0.795438
0.789072
0.782897
0.711238
0.790958
0.781196
0.774483
0.711555
0.785544
0.781847
0.771345
0.720638
0.787641
0.786838
0.775204
0.728920
0.787000
0.792944
0.771744
0.739361
0.791151
0.795075
0.777721
0.746832
0.798235
0.797182
0.784117
0.751528
0.797599
0.797411
0.779707
0.716432
0.747279
0.931664
0.729177
0.648880
0.854507
0.734577
0.810091
0.761365
0.838340
0.848844
0.779615
0.761099
0.769323
0.799752
0.770697
0.753219
0.827473
0.778835
0.816166
0.736624
0.775419
0.796868
0.762254
0.718972
0.779700
0.781446
0.774427
0.718592
0.776858
0.790001
0.775257
0.712119
0.771468
0.742119
0.769329
0.721162
0.782690
0.793719
0.777595
0.737199
0.784850
0.789229
0.775702
0.749866
0.799264
0.806897
0.787600
0.757916
0.799396
0.809699
0.787721
0.756945
0.804044
0.807158
0.785087
0.756027
0.799058
0.800607
0.784913
0.737562
0.796120
0.792297
0.782252
0.725710
0.786510
0.787327
0.775811
0.667906
0.785220
0.782347
0.771120
0.664298
0.784260
0.784090
0.772298
0.666970
0.790471
0.791094
0.773898
0.680847
0.794387
0.796951
0.779871
0.693476
0.800402
0.798859
0.782974
0.767178
0.800800
0.7  
END END

END END

END END

END END

END END

0.771051
0.789833
0.790127
0.779789
0.770844
0.793357
0.790156
0.780940
0.770936
0.793832
0.790418
0.780164
0.767382
0.790253
0.787935
0.777161
0.769368
0.790119
0.789763
0.780200
0.766355
0.789163
0.784397
0.775846
0.768454
0.792501
0.789682
0.781176
0.769273
0.791370
0.790382
0.779699
0.769948
0.792764
0.791982
0.779433
0.768792
0.794083
0.792463
0.782929
0.772463
0.792638
0.790689
0.780943
0.769280
0.793397
0.789380
0.775011
0.760654
0.793191
0.787424
0.777401
0.761624
0.790068
0.782207
0.780560
0.762677
0.790177
0.785500
0.777148
0.763807
0.792358
0.789380
0.778592
0.768396
0.792576
0.792898
0.780391
0.769118
0.789797
0.794094
0.778222
0.767089
0.790313
0.790708
0.779381
0.767051
0.790687
0.789946
0.781198
0.767416
0.789500
0.788167
0.779377
0.765815
0.789037
0.787000
0.781420
0.766085
0.789967
0.787625
0.775525
0.766892
0.789500
0.789010
0.781444
0.764553
0.790541
0.789152
0.782446
0.764977
0.788865
0.790482
0.780672
0.764141
0.792589
0.790047
0.781883
0.765376
0.788522
0.789796
0.780495
0.762440
0.788139
0.791515
0.783078
0.763281
0.791974
0.790606
0.780411
0.763935
0.791799
0.791423
0.780325
0.764624
0.795744
0.791019
0.778759
0.763976
0.795046
0.790148
0.783458
0.769424
0.791775
0.786402
0.781104
0.764868
0.796796
0.788095
0.778819
0.768172
0.795804
0.789885
0.779520
0.763916
0.792381
0.787647
0.780426
0.763959
0.789143
0.785882
0.781344
0.761217
0.790864
0.785308
0.779158
0.762850
0.787976
0.786167
0.779106
0.767043
0.790057
0.784299
0.778138
0.771079
0.791969
0.790846
0.781306
0.777237
0.798702
0.799009
0.751312
0.728516
0.855167
0.691772
0.720163
0.767467
0.834314
0.764249
0.823508
0.845383
0.746089
0.849147
0.760830
0.823396
0.830841
0.814208
0.801660
0.790948
0.825392
0.812546
0.799429
0.768463
0.802392
0.786587
0.782219
0.749614
0.786302
0.774851
0.775031
0.744500
0.774733
0.767315
0.760288
0.719682
0.770448
0.777206
0.761936
0.727599
0.779895
0.794619
0.769398
0.747055
0.788366
0.793236
0.765223
0.763273
0.796205
0.807409
0.786905
0.780124
0.800406
0.798284
0.788061
0.786923
0.807417
0.799028
0.789052
0.783718
0.802550
0.795126
0.788687
0.772539
0.800418
0.793146
0.786128
0.761975
0.789826
0.790655
0.781607
0.748761
0.783870
0.791198
0.774318
0.737426
0.780103
0.792992
0.768659
0.737833
0.780914
0.796181
0.771689
0.752663
0.788250
0.798367
0.778291
0.762737
0.789305
0.799808
0.780989
0.748942
0.795734
0.798072
0.787156
0.691015
0.642181
0.408017
0.654912
0.707295
0.830837
0.912894
0.754618
0.796740
0.812109
0.816925
0.743204
0.799951
0.797669
0.778174
0.786356
0.779718
0.823893
0.831932
0.803037
0.738366
0.802167
0.796196
0.782229
0.725035
0.780164
0.778667
0.772156
0.704975
0.761084
0.785477
0.750610
0.686021
0.766516
0.778819
0.758089
0.710586
0.781396
0.801845
0.774865
0.746074
0.789581
0.793624
0.776886
0.756776
0.800250
0.806246
0.782522
0.766707
0.803982
0.799363
0.785034
0.773879
0.804038
0.797229
0.786229
0.765279
0.798330
0.793549
0.786448
0.742839
0.789389
0.787998
0.780823
0.728510
0.784770
0.791798
0.774825
0.722907
0.777135
0.790874
0.772264
0.723132
0.778802
0.798795
0.774047
0.735589
0.790108
0.803607
0.773659
0.748296
0.791780
0.803567
0.782722
0.768856
0.797105
0.797958
0.787305
0.693977
0.766838
0.836292
0.702841
0.729361
0.880291
0.843626
0.867404
0.820791
0.869360
0.824259
0.796563
0.824583
0.768120
0.792031
0.789249
0.768085
0.836803
0.806176
0.808135
0.746520
0.808253
0.801153
0.784712
0.744947
0.778880
0.794930
0.773759
0.729662
0.773379
0.773192
0.761821
0.695273
0.765826
0.777816
0.758034
0.699084
0.772067
0.790169
0.759394
0.721731
0.784017
0.795391
0.775408
0.747717
0.795896
0.798548
0.785723
0.765959
0.801829
0.797179
0.786697
0.775691
0.804892
0.797302
0.788765
0.777277
0.804080
0.794916
0.790112
0.724661
0.800496
0.790320
0.787562
0.733918
0.787023
0.787104
0.781048
0.736668
0.780778
0.791387
0.775689
0.733782
0.774711
0.790450
0.771808
0.740900
0.781497
0.800387
0.771413
0.761419
0.789098
0.805447
0.781897
0.803624
0.745984
0.870700
0.477415
0.801955
0.875666
0.850195
0.799303
0.785652
0.860414
0.822723
0.764384
0.843116
0.800084
0.779162
0.790877
0.812215
0.833978
0.826668
0.808405
0.723718
0.828488
0.807423
0.805843
0.701497
0.805522
0.791811
0.785653
0.671560
0.780018
0.780707
0.769023
0.664293
0.767842
0.745357
0.751657
0.642583
0.753913
0.776079
0.753007
0.661476
0.771021
0.797780
0.768621
0.675946
0.785163
0.802960
0.777182
0.686099
0.795151
0.804313
0.785219
0.713147
0.800156
0.799249
0.788490
0.789054
0.806474
0.794699
0.795562
0.785467
0.804134
0.789595
0.792521
0.766733
0.796431
0.784805
0.789004
0.749354
0.788067
0.785514
0.778358
0.734893
0.778564
0.792726
0.771749
0.732510
0.776459
0.800364
0.771428
0.740943
0.783753
0.804845
0.771728
0.762754
0.796662
0.811368
0.785000
0.666180
0.730369
0.661450
0.980700
0.646962
0.841817
0.846575
0.877415
0.801343
0.813488
0.800394
0.784075
0.762079
0.798434
0.748863
0.790883
0.709083
0.837770
0.796923
0.811733
0.700859
0.818199
0.802327
0.791661
0.695231
0.793180
0.781649
0.783213
0.674882
0.777600
0.786429
0.770962
0.659135
0.766297
0.822776
0.756741
0.662423
0.765337
0.793369
0.753613
0.685352
0.775065
0.802714
0.775167
0.703570
0.784547
0.798195
0.777788
0.719737
0.789631
0.794124
0.784740
0.733465
0.795923
0.786685
0.783067
0.743276
0.798291
0.781194
0.785097
0.728950
0.801740
0.784552
0.789695
0.718672
0.792910
0.786376
0.784299
0.707837
0.786625
0.791624
0.779848
0.711988
0.779261
0.792563
0.772664
0.713980
0.778202
0.797948
0.770833
0.723266
0.781904
0.800067
0.770648
0.716325
0.789679
0.800036
0.779497
0.728554
0.794634
0.797481
0.783124
0.741538
0.795619
0.790408
0.790879
0.734525
0.788132
0.889384
0.448061
0.742954
0.847369
0.869023
0.824314
0.778860
0.849418
0.814845
0.837170
0.827639
0.785806
0.760683
0.789379
0.763939
0.823989
0.833500
0.807182
0.733972
0.810804
0.798161
0.786282
0.712371
0.787661
0.793813
0.775441
0.710942
0.775232
0.810823
0.766388
0.691782
0.764216
0.862061
0.762105
0.693543
0.772203
0.780624
0.768975
0.710311
0.780240
0.795011
0.778315
0.729759
0.789337
0.794487
0.784751
0.748689
0.799972
0.789960
0.791525
0.748969
0.801113
0.791700
0.789352
0.749553
0.798510
0.788546
0.790645
0.735443
0.794277
0.790755
0.785483
0.724106
0.784687
0.787458
0.778326
0.709828
0.778815
0.791695
0.776337
0.706497
0.778622
0.793809
0.774869
0.702409
0.782425
0.795273
0.778489
0.710386
0.786579
0.793314
0.778578
0.722335
0.793076
0.791749
0.785071
0.747284
0.797250
0.791787
0.792273
0.593852
0.788209
0.771276
0.779094
0.653682
0.801491
0.757937
0.816557
0.819971
0.792718
0.799920
0.807120
0.736754
0.814777
0.794697
0.795802
0.718792
0.836325
0.852705
0.816353
0.693389
0.800490
0.795927
0.781481
0.701307
0.782114
0.775320
0.772935
0.689294
0.767338
0.797029
0.767485
0.684997
0.761809
0.785937
0.762542
0.704694
0.782536
0.790125
0.780068
0.725746
0.787735
0.800195
0.779509
0.740822
0.798430
0.792466
0.788650
0.719376
0.806562
0.797558
0.788318
0.724021
0.804430
0.787849
0.790673
0.724500
0.802599
0.790570
0.789079
0.714878
0.793753
0.786414
0.782288
0.692920
0.784638
0.789336
0.778514
0.682400
0.779811
0.790917
0.774468
0.686605
0.784251
0.795991
0.772042
0.699123
0.790403
0.797735
0.782089
0.711191
0.796894
0.801632
0.784074
0.664544
0.717506
0.690999
0.941602
0.729048
0.799167
0.818788
0.788098
0.780712
0.845686
0.814158
0.756620
0.818533
0.801983
0.790584
0.781840
0.789284
0.838252
0.802083
0.810653
0.774631
0.820239
0.795530
0.796641
0.769536
0.801778
0.792712
0.786671
0.748665
0.785656
0.782327
0.775031
0.721303
0.771744
0.787179
0.756479
0.703771
0.768376
0.794593
0.761114
0.716545
0.774929
0.795898
0.767658
0.735707
0.785085
0.796609
0.780165
0.753787
0.792127
0.798783
0.783768
0.766206
0.796337
0.786143
0.787382
0.771101
0.805142
0.782222
0.789117
0.770748
0.799473
0.780009
0.788282
0.762552
0.798417
0.783440
0.788223
0.747065
0.789154
0.787445
0.781939
0.734687
0.781219
0.792128
0.774040
0.728192
0.780121
0.799829
0.772334
0.735278
0.779451
0.803097
0.775190
0.747100
0.786950
0.801377
0.782132
0.763547
0.794409
0.799950
0.787067
0.668649
0.800886
0.795553
0.681809
0.751439
0.838764
0.833075
0.809942
0.846532
0.806478
0.795398
0.785015
0.795052
0.821384
0.797581
0.801443
0.757838
0.823856
0.804023
0.805221
0.736396
0.794680
0.791806
0.776723
0.723728
0.786190
0.789277
0.767097
0.711461
0.765000
0.796849
0.761969
0.701121
0.765349
0.791593
0.760453
0.710470
0.779318
0.796313
0.774659
0.738158
0.784433
0.793997
0.776829
0.754195
0.795196
0.798129
0.787087
0.768237
0.801914
0.790642
0.785504
0.771953
0.807123
0.788844
0.787108
0.763544
0.798795
0.785815
0.790014
0.748679
0.792839
0.784473
0.781550
0.734855
0.784501
0.787035
0.781987
0.726622
0.780629
0.791197
0.773905
0.726285
0.778643
0.796034
0.776116
0.733017
0.783151
0.802748
0.777619
0.744407
0.789321
0.800293
0.781348
0.755408
0.793555
0.796896
0.785086
1.098809
0.774724
0.934914
0.942196
0.693872
0.854212
0.771188
0.829008
0.745142
0.848684
0.844947
0.812934
0.861403
0.778136
0.774548
0.783619
0.778403
0.830494
0.804576
0.799064
0.751966
0.815335
0.800958
0.799086
0.751426
0.796960
0.785375
0.777708
0.735441
0.781649
0.777300
0.768640
0.708298
0.764702
0.782674
0.761795
0.705624
0.771273
0.791887
0.767627
0.729544
0.780182
0.795818
0.775136
0.746553
0.790139
0.801101
0.784537
0.766974
0.799665
0.793343
0.787510
0.778910
0.803114
0.793747
0.796996
0.772950
0.808568
0.791932
0.788889
0.771316
0.796484
0.786794
0.788179
0.755325
0.788315
0.783629
0.780871
0.739723
0.784805
0.786771
0.780560
0.731221
0.774817
0.786408
0.772327
0.732192
0.776900
0.793639
0.772317
0.741571
0.784630
0.÷
END END

END END

END END

END END

END END

0.745784
0.790834
0.791027
0.784937
0.745601
0.794188
0.789526
0.781660
0.745108
0.793773
0.791369
0.784686
0.747628
0.789114
0.785265
0.780122
0.738989
0.790419
0.787327
0.779934
0.736102
0.790402
0.785540
0.779593
0.737992
0.792581
0.790251
0.781061
0.742442
0.792541
0.790798
0.781286
0.743632
0.793309
0.789813
0.781866
0.743156
0.792387
0.791408
0.780654
0.743046
0.795391
0.789989
0.782526
0.745277
0.796148
0.791639
0.781930
0.744091
0.793067
0.789673
0.782454
0.745148
0.792777
0.789046
0.778468
0.747292
0.792792
0.789381
0.779530
0.748425
0.791507
0.786940
0.781646
0.749654
0.793574
0.787160
0.780990
0.747434
0.792089
0.790566
0.780049
0.746477
0.791773
0.789048
0.780295
0.747267
0.793140
0.789642
0.778329
0.751898
0.793724
0.789921
0.780965
0.750939
0.794358
0.792403
0.780762
0.749428
0.794751
0.789513
0.784026
0.749717
0.797644
0.790438
0.784665
0.748888
0.792390
0.789393
0.779470
0.748407
0.795930
0.791110
0.782461
0.750646
0.793988
0.788010
0.783440
0.753006
0.795043
0.789862
0.783401
0.749401
0.792856
0.790406
0.780944
0.743474
0.788944
0.789403
0.776250
0.742756
0.793840
0.786084
0.776753
0.749128
0.791617
0.790482
0.778254
0.749617
0.797983
0.791965
0.783883
0.755818
0.798081
0.789191
0.782350
0.758433
0.802148
0.787525
0.782667
0.764649
0.676023
0.796754
0.801983
0.531657
0.910931
0.912529
0.700284
0.812846
0.875532
0.787931
0.905138
0.765062
0.781425
0.820621
0.768743
0.836411
0.824637
0.767447
0.798251
0.732580
0.808258
0.798400
0.775258
0.754251
0.779789
0.781920
0.769138
0.739641
0.707164
0.797734
0.768198
0.753211
0.783437
0.799452
0.772709
0.757808
0.788363
0.800429
0.779367
0.766595
0.795173
0.795238
0.783517
0.770278
0.796895
0.789529
0.782703
0.766233
0.795973
0.784803
0.784639
0.762299
0.799506
0.781228
0.782354
0.752133
0.794548
0.781406
0.778743
0.747586
0.792244
0.782215
0.775015
0.751255
0.792715
0.791282
0.778602
0.756191
0.799768
0.796362
0.776742
0.760264
0.801966
0.798419
0.779446
0.763028
0.800525
0.797423
0.780713
0.761286
0.799297
0.794569
0.781679
0.762721
0.801006
0.786657
0.779587
0.752775
0.799061
0.784998
0.780068
0.799069
0.990634
0.760082
0.886381
0.789866
0.905427
0.748494
0.854640
0.813285
0.724558
0.766443
0.762608
0.834730
0.787614
0.774941
0.773978
0.772387
0.767807
0.779588
0.788195
0.767437
0.811542
0.823213
0.771136
0.745304
0.789186
0.782629
0.766534
0.748540
0.818893
0.802701
0.772814
0.755965
0.737699
0.791876
0.771992
0.760157
0.793708
0.797030
0.782530
0.767744
0.796623
0.786301
0.784310
0.769017
0.794591
0.786519
0.786320
0.766615
0.794417
0.786373
0.778512
0.763018
0.795778
0.785938
0.781689
0.759196
0.792681
0.791512
0.776628
0.757192
0.792130
0.793139
0.776714
0.762138
0.794338
0.796912
0.774013
0.756378
0.796484
0.793288
0.778719
0.756835
0.795872
0.796071
0.778611
0.754916
0.800842
0.790093
0.778642
0.758498
0.798559
0.788333
0.781361
0.746175
0.741421
0.799918
0.761265
0.726404
0.841679
0.826349
0.818141
0.771740
0.844523
0.740453
0.841963
0.734677
0.768190
0.798878
0.763122
0.829966
0.834956
0.777259
0.791844
0.703645
0.798764
0.798391
0.774027
0.744953
0.794884
0.801455
0.768013
0.736720
0.805032
0.789796
0.770824
0.749137
0.737084
0.812655
0.771900
0.746573
0.832998
0.797601
0.773682
0.752904
0.800056
0.802936
0.779236
0.756530
0.798998
0.788522
0.781189
0.758915
0.801824
0.784990
0.782750
0.756058
0.796359
0.778969
0.776699
0.751355
0.799053
0.783412
0.778275
0.749648
0.792362
0.788073
0.774946
0.748622
0.796089
0.795659
0.777745
0.743151
0.796408
0.801488
0.775338
0.738356
0.802208
0.803558
0.777767
0.722615
0.802891
0.801981
0.780295
0.621981
0.810499
0.797774
0.783517
0.699682
0.808998
0.790494
0.788333
0.644935
0.956731
0.744948
0.708026
0.671539
0.807475
0.809101
0.826659
0.677851
0.778065
0.810270
0.734185
0.790454
0.806765
0.772707
0.798828
0.738084
0.821995
0.794232
0.792932
0.745105
0.812469
0.806075
0.781475
0.731312
0.803205
0.788878
0.768026
0.718512
0.743783
0.803289
0.769964
0.727740
0.810232
0.792823
0.765597
0.739556
0.800589
0.803909
0.775661
0.752793
0.799913
0.790394
0.780669
0.758170
0.805107
0.788415
0.782682
0.762296
0.802522
0.782848
0.785801
0.759338
0.802215
0.782973
0.781523
0.750184
0.799213
0.786888
0.778974
0.743871
0.797389
0.792610
0.775153
0.743111
0.794518
0.799204
0.775848
0.755452
0.797200
0.801652
0.774088
0.753575
0.795795
0.797714
0.781789
0.754423
0.798425
0.793687
0.781054
0.753133
0.798521
0.788004
0.781497
0.767978
0.897567
0.796582
0.844189
0.770476
0.670327
0.749082
0.972919
0.763452
0.857691
0.765322
0.799193
0.768286
0.753820
0.788520
0.790871
0.782706
0.803777
0.757548
0.784490
0.724374
0.805049
0.788889
0.770529
0.743994
0.781072
0.801150
0.768266
0.746961
0.794381
0.802481
0.768336
0.754591
0.773920
0.815857
0.776065
0.758638
0.811007
0.806172
0.783045
0.763050
0.795320
0.806261
0.785078
0.762362
0.794267
0.793071
0.783543
0.756676
0.796109
0.783305
0.781673
0.748405
0.792516
0.777152
0.780459
0.743173
0.793943
0.781439
0.774022
0.747029
0.793037
0.785141
0.776454
0.751554
0.791607
0.796003
0.778984
0.758108
0.794223
0.801881
0.780758
0.764342
0.800358
0.803161
0.779167
0.767322
0.801719
0.804516
0.782561
0.766413
0.799434
0.799695
0.787274
0.708790
0.800412
0.792948
0.780987
0.729412
0.796334
0.787787
0.786268
0.742174
0.885343
0.745890
0.372563
0.826200
0.743359
0.763792
0.867090
0.759642
0.704997
0.799646
0.722506
0.770914
0.777925
0.764531
0.770751
0.729798
0.795828
0.785215
0.786387
0.727062
0.789636
0.811571
0.760908
0.688627
0.782449
0.790906
0.763882
0.674706
0.802449
0.814887
0.768780
0.716869
0.740294
0.797908
0.774846
0.717872
0.808691
0.802669
0.781155
0.715866
0.809763
0.791894
0.778596
0.728363
0.811076
0.793832
0.785747
0.740350
0.788764
0.787555
0.784342
0.739430
0.799969
0.789857
0.780793
0.700276
0.800101
0.795765
0.773682
0.701832
0.796408
0.801653
0.776801
0.699118
0.790697
0.800307
0.777943
0.702961
0.793049
0.798673
0.779677
0.710568
0.793900
0.796399
0.781607
0.718270
0.796698
0.792772
0.786027
0.724210
0.797879
0.790866
0.782268
0.723126
0.799077
0.791372
0.784357
0.800787
1.054420
0.800271
0.804383
0.797151
0.686857
0.776436
0.854438
0.729711
0.827506
0.790312
0.730240
0.746531
0.734786
0.780037
0.779025
0.724593
0.845300
0.782839
0.785961
0.716014
0.799715
0.804857
0.773965
0.716563
0.788880
0.781459
0.769668
0.703658
0.830501
0.801433
0.773584
0.707439
0.783081
0.794262
0.768564
0.707734
0.780134
0.804581
0.776476
0.720309
0.797718
0.795698
0.779232
0.727864
0.800771
0.799656
0.783102
0.727367
0.805034
0.791754
0.786715
0.723124
0.799539
0.792858
0.786201
0.719504
0.796537
0.788911
0.780600
0.712844
0.792860
0.792792
0.782519
0.708436
0.792220
0.794273
0.776733
0.711357
0.794968
0.798664
0.778168
0.716630
0.794664
0.798604
0.776154
0.719057
0.796111
0.797851
0.777978
0.724614
0.797947
0.797290
0.782053
0.729147
0.799700
0.794293
0.782558
0.705331
0.965369
0.792434
0.696289
0.797029
0.780371
0.770005
0.746650
0.699156
0.813522
0.806216
0.763777
0.748546
0.814822
0.775052
0.770215
0.733360
0.831840
0.781647
0.795655
0.723780
0.797559
0.794621
0.776239
0.712039
0.799399
0.785785
0.769145
0.715455
0.821263
0.808179
0.769930
0.719233
0.740068
0.808785
0.773980
0.722849
0.823780
0.814974
0.779919
0.729270
0.803423
0.810245
0.784297
0.730955
0.796847
0.802851
0.783417
0.730337
0.799833
0.790229
0.784479
0.726245
0.794500
0.781896
0.782293
0.720137
0.790206
0.778435
0.778877
0.717643
0.791670
0.785387
0.779079
0.715475
0.793763
0.791727
0.777461
0.715756
0.790773
0.800423
0.774244
0.725134
0.794814
0.807271
0.777928
0.730077
0.800898
0.812877
0.779847
0.735854
0.800766
0.807280
0.780965
0.724594
0.808610
0.803765
0.782751
0.719227
0.804681
0.792430
0.787688
0.811861
1.029980
0.818482
0.728214
0.805327
0.673886
0.710832
0.894500
0.776958
0.806111
0.791091
0.721139
0.711168
0.756990
0.798556
0.766512
0.758081
0.841343
0.781864
0.802069
0.683384
0.787747
0.813865
0.768332
0.697564
0.786817
0.786251
0.764820
0.673540
0.761106
0.807161
0.765549
0.647190
0.794230
0.801883
0.767955
0.690399
0.795866
0.800134
0.777938
0.706969
0.803277
0.796949
0.786378
0.717066
0.803989
0.787576
0.787213
0.725288
0.805867
0.786975
0.787439
0.718453
0.801926
0.785506
0.781699
0.710407
0.799678
0.793805
0.781740
0.699134
0.795928
0.798067
0.779183
0.672785
0.790881
0.803783
0.774494
0.685679
0.797860
0.805167
0.774369
0.703684
0.798731
0.805866
0.771842
0.714600
0.797942
0.801682
0.777907
0.728077
0.800115
0.795020
0.779628
0.720332
0.797420
0.790912
0.780193
0.714755
0.794327
0.787091
0.780849
0.719194
0.793865
0.784486
0.785059
0.717261
0.793701
0.786954
0.777475
0.789236
0.992719
0.802210
0.737610
0.779017
0.854870
0.812129
0.831741
0.785239
0.778434
0.870947
0.771186
0.738863
0.802462
0.772884
0.770465
0.740542
0.845561
0.800371
0.803684
0.719288
0.784106
0.791458
0.768832
0.718021
0.796547
0.781221
0.775695
0.729834
0.787396
0.799945
0.770315
0.731523
0.788179
0.788970
0.774198
0.742048
0.788250
0.800632
0.777514
0.746924
0.787440
0.792759
0.779014
0.754924
0.792034
0.799961
0.784513
0.759158
0.793641
0.796440
0.780926
0.761450
0.795485
0.799679
0.782518
0.761057
0.792431
0.797811
0.778483
0.718067
0.794010
0.796755
0.781936
0.703766
0.789598
0.798191
0.781734
0.683141
0.788302
0.794316
0.779812
0.697603
0.790279
0.793015
0.778266
0.729977
0.789774
0.794292
0.780422
0.751976
0.786842
0.793717
0.783780
0.762272
0.788164
0.795035
0.778743
0.761991
0.792913
0.798389
0.782756
0.765194
0.795821
0.797269
0.785008
0.762542
0.796735
0.799812
0.782563
0.761195
0.793259
0.794372
0.780892
0.757440
0.793263
0.795626
0.778186
0.753847
0.788779
0.791785
0.780303
0.756987
0.787877
0.794006
0.779062
0.754562
0.791192
0.790734
0.781563
0.749646
0.791821
0.794170
0.780571
0.741815
0.791251
0.794851
0.784911
0.748639
0.794398
0.794760
0.781576
0.763642
0.794866
0.797581
0.782185
0.779176
0.793358
0.794394
0.784036
0.776882
0.791097
0.796574
0.783576
0.773374
0.792808
0.792506
0.782560
0.771495
0.793076
0.794461
0.778936
0.769778
0.787426
0.790553
0.780777
0.771677
0.785891
0.790905
0.7÷