
78819
0.784376
0.806438
0.872502
0.777411
0.784553
0.805705
0.874774
0.776300
0.784932
0.805768
0.870096
0.778269
0.783838
0.805822
0.872305
0.775786
0.787079
0.806642
0.871592
0.777506
0.786370
0.806189
0.870744
0.774997
0.788718
0.807086
0.868052
0.776761
0.786075
0.807032
0.872354
0.776126
0.787044
0.807128
0.870008
0.776686
0.783410
0.806396

END END

END END

END END

END END

END END

0.776728
0.779759
0.808083
0.871663
0.776485
0.780535
0.807263
0.870028
0.778977
0.778731
0.807728
0.871530
0.779551
0.779943
0.805115
0.871808
0.777485
0.780066
0.803430
0.871667
0.777940
0.779644
0.804411
0.871527
0.775519
0.782598
0.806434
0.869512
0.773983
0.784207
0.807750
0.868322
0.775633
0.780175
0.805971
0.869409
0.776815
0.781967
0.807933
0.871785
0.776176
0.780488
0.807278
0.870675
0.778100
0.779514
0.806848
0.873655
0.777184
0.780057
0.806667
0.870797
0.778234
0.781196
0.805463
0.873685
0.776898
0.777161
0.806140
0.870667
0.777682
0.777844
0.805105
0.873875
0.778422
0.780151
0.805741
0.871461
0.777248
0.782753
0.806292
0.872108
0.778589
0.782152
0.805919
0.870640
0.778223
0.779505
0.805745
0.870499
0.777282
0.782590
0.806947
0.870801
0.778727
0.783357
0.806011
0.872742
0.779119
0.779427
0.805994
0.874567
0.778927
0.776746
0.804162
0.875864
0.776491
0.779461
0.805978
0.873335
0.779988
0.779528
0.805217
0.872088
0.777436
0.777796
0.803723
0.872124
0.777490
0.780737
0.806665
0.870871
0.777055
0.781055
0.806005
0.871695
0.742758
0.876794
1.052087
0.918578
0.776053
0.694872
0.728178
0.790957
0.725024
0.821018
0.739351
0.961563
0.798323
0.739850
0.754635
0.912282
0.801999
0.790196
0.784067
0.866382
0.794813
0.797829
0.809714
0.859693
0.768026
0.782750
0.814402
0.872843
0.742896
0.774965
0.832809
0.871133
0.731695
0.769866
0.832599
0.885871
0.753486
0.772915
0.838851
0.889751
0.776388
0.779973
0.829340
0.873054
0.782050
0.781960
0.810116
0.874096
0.810244
0.784742
0.778655
0.878640
0.791250
0.783474
0.760293
0.884438
0.791843
0.787546
0.775086
0.870814
0.785659
0.790081
0.799917
0.863740
0.774549
0.790080
0.816992
0.861343
0.759888
0.781595
0.830530
0.866560
0.760939
0.773376
0.836077
0.876626
0.733716
0.836417
1.009350
0.914216
0.749044
0.734012
0.840615
1.014058
0.826226
0.774359
0.742527
0.929852
0.779314
0.697394
0.765981
0.915334
0.813762
0.785872
0.789301
0.882196
0.809209
0.835324
0.821098
0.835034
0.800964
0.816848
0.818804
0.842826
0.761825
0.790267
0.815316
0.908633
0.738537
0.754831
0.818904
0.891284
0.745343
0.732580
0.817171
0.924563
0.773192
0.741191
0.832796
0.918823
0.788969
0.768626
0.826069
0.895801
0.799189
0.779092
0.814260
0.885359
0.798043
0.784429
0.785972
0.879936
0.788016
0.798732
0.763418
0.872412
0.782016
0.808474
0.778526
0.848987
0.778483
0.811217
0.811038
0.833475
0.779062
0.804131
0.830807
0.839054
0.768996
0.790561
0.837089
0.857049
0.773967
0.877974
0.857574
0.906414
0.869492
0.875809
0.689240
1.051958
0.754589
0.790242
0.824391
0.686118
0.714888
0.832091
0.806194
0.811286
0.754872
0.854775
0.790520
0.837099
0.794120
0.847290
0.830600
0.898732
0.777201
0.819216
0.835652
0.822218
0.791852
0.776080
0.804261
0.901134
0.762590
0.750231
0.801404
0.930681
0.756456
0.719098
0.803570
0.943338
0.777141
0.713416
0.802615
0.927497
0.791474
0.758364
0.817345
0.930715
0.796682
0.774936
0.818263
0.871103
0.792994
0.790482
0.806207
0.863162
0.779417
0.806853
0.791323
0.851523
0.778003
0.820501
0.792423
0.850338
0.780943
0.823618
0.809807
0.838837
0.783145
0.808913
0.821800
0.843329
0.782605
0.794622
0.825460
0.861149
0.781331
0.777589
1.063417
0.892796
0.821829
0.768460
1.152750
0.973790
0.764733
0.804488
0.835101
0.745586
0.758057
0.839488
0.780358
0.682699
0.771461
0.874963
0.812447
0.775245
0.652884
0.849752
0.861913
0.862153
0.806102
0.813908
0.832203
0.807158
0.763163
0.786389
0.794026
0.894520
0.790142
0.740412
0.777535
0.956154
0.810833
0.710522
0.775188
0.929470
0.786969
0.719950
0.785576
0.917136
0.792153
0.751802
0.809537
0.928389
0.784466
0.779654
0.820844
0.870478
0.778928
0.799899
0.821637
0.866408
0.776651
0.811044
0.817210
0.861055
0.781697
0.817636
0.806456
0.854379
0.791404
0.808260
0.812505
0.855298
0.796211
0.795565
0.816116
0.859451
0.797334
0.782717
0.814355
0.881383
0.785379
0.758646
0.805560
0.896742
0.783307
0.745166
0.801083
0.908091
0.997621
0.656598
1.318376
0.876679
0.732256
0.797210
0.775383
1.132619
0.757117
0.844088
0.907408
0.779595
0.758090
0.847844
0.768165
0.758362
0.579532
0.847271
0.900138
0.856449
0.778942
0.819513
0.838231
0.825639
0.806023
0.787321
0.798393
0.904741
0.804146
0.753939
0.772798
0.937399
0.802629
0.719290
0.778804
0.940623
0.791709
0.720889
0.769459
0.910844
0.790568
0.751824
0.810659
0.929417
0.786543
0.773836
0.821700
0.844768
0.780579
0.793758
0.828113
0.857966
0.760817
0.809667
0.820581
0.841481
0.778590
0.815055
0.806881
0.847309
0.792052
0.812593
0.800471
0.861615
0.800668
0.796561
0.805818
0.870990
0.802482
0.781797
0.803670
0.884584
0.792004
0.762245
0.800502
0.896274
1.029510
0.756592
1.371838
0.902207
0.738376
0.777418
0.732084
1.079415
0.761787
0.829861
1.011029
0.823578
0.759752
0.835448
0.744212
0.756601
0.715373
0.843652
0.914469
0.846772
0.772300
0.812140
0.817108
0.850360
0.799649
0.788373
0.793086
0.900287
0.811436
0.753392
0.769714
0.945112
0.811227
0.726645
0.764201
0.936234
0.808282
0.733709
0.773683
0.913866
0.797134
0.758282
0.808137
0.913570
0.786003
0.775276
0.818768
0.867672
0.766723
0.799486
0.825714
0.848402
0.762206
0.815315
0.830289
0.829612
0.770777
0.821082
0.821840
0.840572
0.788631
0.810258
0.813468
0.860284
0.797662
0.794885
0.805209
0.873443
0.800880
0.762813
0.802457
0.895339
0.797538
0.743170
0.784192
0.914110
0.793304
0.738836
0.788761
0.908195
0.787144
0.752244
0.804489
0.896180
0.780356
0.764888
0.810943
0.877386
0.778015
0.789493
0.816902
0.857171
0.773942
0.799265
0.815201
0.853540
0.781081
0.805963
0.814853
0.856551
0.788372
0.797299
0.812526
0.860187
0.789873
0.788598
0.810628
0.872709
0.794324
0.770080
0.804785
0.880460
0.789934
0.762264
0.799852
0.894679
0.791995
0.757424
0.800005
0.901410
0.793828
0.758248
0.803228
0.896799
0.790331
0.772226
0.803190
0.890044
0.793091
0.780876
0.805265
0.881270
0.788883
0.796155
0.807282
0.878468
0.787958
0.795790
0.810136
0.864692
0.786224
0.800096
0.816015
0.856829
0.781776
0.797553
0.819160
0.858248
0.781686
0.785957
0.818049
0.867126
0.784000
0.776587
0.815215
0.877455
0.790728
0.767355
0.805259
0.886291
1.127669
0.627855
1.272938
0.667329
0.743036
0.817278
0.760467
1.170094
0.761748
0.852564
0.760844
0.707112
0.782300
0.828203
0.809678
0.730220
0.735768
0.850542
0.887184
0.854852
0.781647
0.821229
0.842980
0.802840
0.789704
0.790447
0.801794
0.872814
0.795722
0.750537
0.778112
0.947547
0.815579
0.717561
0.753951
0.962187
0.816825
0.719315
0.747457
0.913786
0.818597
0.748504
0.794358
0.952875
0.800680
0.765246
0.807576
0.893183
0.791712
0.781536
0.813302
0.905755
0.766923
0.802594
0.824220
0.844032
0.754034
0.820454
0.835709
0.818213
0.762587
0.824850
0.833367
0.830046
0.778315
0.813325
0.825411
0.837656
0.792906
0.797685
0.815137
0.862347
0.803243
0.770271
0.804194
0.896342
0.760795
0.775802
0.846898
1.037849
0.798056
0.812561
0.780259
0.799959
0.735006
0.795873
0.858064
0.710740
0.770488
0.826940
0.822381
0.789061
0.755075
0.838926
0.863189
0.859913
0.779079
0.809018
0.823769
0.784759
0.792501
0.784721
0.768342
0.915113
0.808683
0.749296
0.750721
0.965292
0.818645
0.721894
0.736370
0.942287
0.809614
0.734731
0.766339
0.913688
0.802989
0.756954
0.803916
0.901211
0.782753
0.779586
0.823222
0.838225
0.765320
0.798357
0.837415
0.829603
0.754944
0.811659
0.835623
0.820744
0.762208
0.812337
0.820954
0.832894
0.777282
0.800920
0.802093
0.867783
0.793866
0.783231
0.791940
0.889000
0.800062
0.763719
0.784251
0.904696
0.796788
0.747405
0.787335
0.913487
0.788512
0.744873
0.796241
0.906717
0.781537
0.757330
0.813065
0.891409
0.783676
0.772010
0.820195
0.871090
0.777106
0.790937
0.821178
0.857463
0.786702
0.800626
0.817200
0.850088
0.779537
0.806356
0.812561
0.854961
0.787005
0.804219
0.803640
0.863984
0.794787
0.791407
0.800884
0.880471
0.792692
0.778935
0.801676
0.888780
0.794893
0.765324
0.801173
0.895008
0.790335
0.758522
0.803282
0.895006
0.792319
0.758199
0.810245
0.890976
0.791327
0.769895
0.815973
0.882055
0.788511
0.783475
0.815434
0.866327
0.780329
0.792058
0.809828
0.861785
0.781439
0.796897
0.803339
0.862675
0.784643
0.796685
0.803707
0.866773
0.788206
0.787406
0.804450
0.871210
0.785592
0.773573
0.803986
0.874025
0.782256
0.761610
0.801922
0.881060
0.784117
0.758766
0.810108
0.888650
0.784593
0.763259
0.807469
0.884911
0.788398
0.770821
0.811439
0.881351
0.790676
0.781360
0.806355
0.874540
0.785255
0.793825
0.803533
0.872189
0.792026
0.800033
0.804436
0.868095
0.786024
0.803653
0.809485
0.865050
0.786994
0.801536
0.811130
0.861945
0.783304
0.788943
0.814286
0.864707
0.785215
0.781259
0.812134
0.869018
0.785461
0.769682
0.809381
0.884521
0.791939
0.763426
0.807364
0.888812
0.792870
0.769169
0.802785
0.890455
0.796147
0.779761
0.802015
0.885876
0.787181
0.788639
0.806040
0.874760
0.787043
0.793504
0.810372
0.861147
0.779369
0.805206
0.815418
0.851892
0.779819
0.800901
0.821242
0.851664
0.781527
0.792758
0.816288
0.859164
0.785645
0.779918
0.814667
0.872060
0.788973
0.773207
0.807606
0.886578
0.795788
0.764472
0.797702
0.894274
0.800663
0.767454
0.798486
0.897691
1.042747
0.770294
0.845442
0.893688
0.591932
0.784361
0.669551
0.922308
0.798977
0.806668
0.834015
0.907146
0.790089
0.780347
0.816803
0.774427
0.778968
0.772031
0.878776
0.841086
0.796569
0.777417
0.853334
0.866600
0.780756
0.775256
0.821972
0.875722
0.781669
0.776328
0.791367
0.889082
0.797951
0.781188
0.753446
0.929279
0.796686
0.791451
0.782678
0.893364
0.794829
0.794041
0.804047
0.879918
0.790179
0.790338
0.817548
0.859440
0.780401
0.776426
0.828511
0.862500
0.767474
0.766214
0.830208
0.865977
0.779085
0.757098
0.822315
0.875219
0.791612
0.759283
0.813115
0.883600
0.799487
0.764988
0.800275
0.893022
0.790284
0.778129
0.788752
0.893046
0.788422
0.786561
0.789899
0.889020
0.891281
1.054790
0.867924
0.960335
0.687932
0.712585
0.835298
0.755731
0.762504
0.731687
0.788348
0.871047
0.765941
0.753324
0.863167
0.994448
0.804082
0.759521
0.846870
0.883523
0.817380
0.759984
0.825698
0.842089
0.808718
0.758410
0.790074
0.833068
0.772730
0.775722
0.765370
0.931414
0.748921
0.801585
0.740813
0.906860
0.763410
0.817331
0.804254
0.860792
0.772488
0.821203
0.831496
0.829232
0.774210
0.811323
0.847062
0.821337
0.772945
0.795690
0.847773
0.828350
0.756708
0.773709
0.830143
0.848168
0.761023
0.750810
0.812409
0.875139
0.764952
0.743550
0.790946
0.904873
0.803550
0.751413
0.777581
0.917567
0.771976
0.765478
0.779220
0.908558
0.887805
1.138579
1.119392
0.948837
0.795624
0.718711
0.795872
0.576694
0.795784
0.741942
0.712719
0.886521
0.698616
0.741175
0.800979
1.076175
0.807515
0.732308
0.812336
0.896684
0.813213
0.801147
0.812188
0.821216
0.788376
0.783228
0.829136
0.767400
0.763253
0.806648
0.815431
0.828651
0.748094
0.829777
0.828938
0.809519
0.739067
0.842646
0.840259
0.817047
0.769380
0.839832
0.836489
0.813438
0.782648
0.808676
0.832900
0.832139
0.781541
0.784818
0.818443
0.867080
0.769843
0.751217
0.794981
0.896963
0.786964
0.731591
0.783286
0.910615
0.773605
0.732602
0.785097
0.907871
0.793540
0.762875
0.798273
0.894603
0.780740
1.101688
0.787010
0.859653
0.776295
0.723389
0.694875
0.539452
0.790674
0.786130
0.718086
0.900715
0.555631
0.711164
0.743859
1.068887
0.706841
0.751178
0.746497
1.009592
0.830815
0.730525
0.775983
0.860774
0.796783
0.766635
0.803568
0.861438
0.761172
0.785766
0.829270
0.835981
0.679999
0.810716
0.842735
0.792132
0.722055
0.833620
0.853177
0.786193
0.743741
0.831475
0.843684
0.798862
0.770638
0.815527
0.825636
0.828433
0.748078
0.795241
0.809403
0.859338
0.576779
0.763970
0.783320
0.905616
0.655887
0.737807
0.769328
0.920081
0.635206
0.723742
0.767992
0.894282
0.787209
0.732917
0.790856
0.918820
0.720107
0.753591
0.801732
0.881407
0.765108
0.771397
0.815058
0.858087
0.719433
0.792687
0.815677
0.841416
0.636760
0.803283
0.824577
0.823090
0.735450
0.978303
1.241653
0.842172
0.845803
0.719781
0.778533
0.568480
0.755165
0.788753
0.693757
1.003149
0.706424
0.707035
0.756359
1.027945
0.478522
0.726121
0.747886
0.998289
0.788033
0.725379
0.782461
0.869675
0.725975
0.734721
0.802753
0.919411
0.776490
0.742105
0.808611
0.907550
0.760177
0.763318
0.858709
0.897469
0.667893
0.822245
0.840614
0.806703
0.716348
0.839611
0.840797
0.775193
0.739396
0.839612
0.837908
0.799710
0.770748
0.818902
0.826921
0.835062
0.719343
0.796417
0.808712
0.856722
0.717376
0.768296
0.789259
0.899072
0.744179
0.732993
0.765651
0.927132
0.791243
0.707588
0.758777
0.905270
0.794379
0.727063
0.783542
0.935993
0.808842
0.747817
0.798826
0.889303
0.795667
0.769392
0.811496
0.805945
0.777093
0.787646
0.812663
0.851440
0.722311
0.807424
0.825162
0.822331
0.743343
0.819866
0.827676
0.823171
0.753117
0.816328
0.826333
0.826148
0.730186
0.801195
0.817882
0.839623
0.777573
0.782056
0.808267
0.866083
0.774387
0.836000
0.781241
0.950466
0.770778
0.668265
0.757104
0.844464
0.787326
0.748433
0.626807
0.918217
0.703093
0.729237
0.731806
1.030635
0.667847
0.805112
0.786854
0.887182
0.752068
0.787774
0.805310
0.842591
0.709584
0.790337
0.813535
0.843824
0.625821
0.800910
0.852868
0.811509
0.549822
0.794515
0.859836
0.788638
0.548412
0.782395
0.850520
0.815085
0.667977
0.782056
0.835250
0.831672
0.650902
0.776310
0.814731
0.864619
0.691074
0.770603
0.779224
0.909782
0.696902
0.761992
0.756832
0.930627
0.782489
0.765458
0.764078
0.919848
0.779887
0.772077
0.789047
0.893489
0.761217
0.776648
0.811662
0.859059
0.690917
0.783290
0.827676
0.835564
0.683999
0.783481
0.838658
0.829354
0.721174
0.785975
0.840362
0.818234
0.732162
0.788690
0.833224
0.822658
0.742706
0.785461
0.815633
0.842980
0.740085
0.783400
0.794708
0.870781
0.745607
0.776978
0.782118
0.889861
0.719157
0.769912
0.779339
0.902498
0.757006
0.770041
0.790201
0.890045
0.748451
0.767021
0.801610
0.876937
0.742044
0.767560
0.811459
0.862470
0.733452
0.771707
0.822574
0.843452
0.733480
0.782859
0.828597
0.832190
0.742210
0.787435
0.828428
0.834123
0.742853
0.790646
0.820759
0.837890
0.753666
0.790223
0.808827
0.856210
0.762317
0.785509
0.796417
0.873555
0.777694
0.776841
0.790283
0.881565
0.786244
0.768424
0.790443
0.885940
0.782517
0.762956
0.794676
0.879729
0.778025
0.760474
0.803723
0.871927
0.772948
0.763336
0.810723
0.858124
0.764744
0.772271
0.817652
0.847643
0.763043
0.780544
0.819308
0.843284
0.765116
0.789189
0.815360
0.841982
0.764904
0.792467
0.808360
0.852302
0.772757
0.787893
0.803077
0.863718
0.781338
0.782651
0.797977
0.873817
0.787812
0.772678
0.794528
0.877675
0.785531
0.764825
0.794738
0.881860
0.785072
0.758064
0.797553
0.882155
0.778468
0.761116
0.802855
0.871428
0.772434
0.768521
0.809330
0.862820
0.772628
0.777068
0.811806
0.854581
0.770623
0.785585
0.811619
0.849890
0.769796
0.789770
0.808338
0.852149
0.774211
0.789939
0.806546
0.856973
0.777807
0.782987
0.801793
0.867382
0.783940
0.774806
0.797849
0.873520
0.785103
0.766252
0.796075
0.879022
0.78