$$$0720022107396518387DF305
END END

END END

END END

END END

END END

0.767559
0.803409
0.797355
0.799300
0.757775
0.791636
0.803778
0.781852
0.776631
0.804682
0.792759
0.793779
0.739953
0.800978
0.777391
0.768159
0.741320
0.820193
0.757405
0.788089
0.776984
0.799516
0.809035
0.784357
0.778026
0.813266
0.773508
0.802746
0.777611
0.801663
0.794683
0.774624
0.772336
0.808582
0.791558
0.811760
0.760954
0.779567
0.770036
0.803622
0.769427
0.810502
0.770794
0.776619
0.764900
0.801016
0.789057
0.785997
0.782852
0.804931
0.782377
0.818891
0.765187
0.796744
0.791333
0.787649
0.803718
0.803435
0.789355
0.761027
0.729676
0.815567
0.805259
0.778987
0.803480
0.811597
0.756750
0.746227
0.774069
0.791677
0.790438
0.830542
0.785024
0.802006
0.787514
0.777723
0.776621
0.795233
0.789823
0.785931
0.750543
0.826584
0.780316
0.801262
0.746570
0.813177
0.781598
0.785916
0.754746
0.818293
0.786344
0.816566
0.775525
0.819047
0.754625
0.787637
0.778646
0.822766
0.807424
0.786499
0.783386
0.782821
0.820581
0.776950
0.787279
0.758617
0.788347
0.800826
0.809745
0.828406
0.793062
0.760495
0.742227
0.761039
0.789591
0.802207
0.772290
0.810988
0.806626
0.784174
0.725362
0.750277
0.777798
0.793105
0.771831
0.810598
0.800156
0.778211
0.780547
0.789414
0.764417
0.804444
0.760884
0.796516
0.763274
0.786395
0.779020
0.794488
0.788082
0.787433
0.796828
0.799226
0.806569
0.788532
0.777341
0.807722
0.794456
0.786556
0.776794
0.761720
0.780317
0.789039
0.776210
0.798598
0.789960
0.777825
0.764947
0.811783
0.806093
0.750569
0.778396
0.742718
0.794205
0.773439
0.766005
0.818700
0.770929
0.788948
0.770893
0.810278
0.809539
0.777995
0.780115
0.771741
0.802391
0.788860
0.771058
0.784468
0.793684
0.809108
0.777009
0.823152
0.789026
0.783753
0.777281
0.831633
0.790232
0.793453
0.773284
0.795828
0.807733
0.798722
0.767875
0.832135
0.789721
0.785517
0.979454
0.759513
0.791638
0.833760
0.786830
0.845012
0.852167
0.816388
0.783420
0.833039
0.806686
0.846982
0.778385
0.790434
0.825375
0.790439
0.797473
0.801017
0.782237
0.827607
0.769951
0.798242
0.779160
0.812095
0.721679
0.821452
0.739779
0.799580
0.768264
0.785668
0.781037
0.801029
0.757159
0.727379
0.777933
0.774633
0.750347
0.810634
0.787836
0.802871
0.788861
0.802248
0.803513
0.781262
0.783591
0.830640
0.786857
0.768200
0.792587
0.791813
0.784028
0.753448
0.797129
0.796045
0.799295
0.789945
0.765716
0.821464
0.781597
0.799660
0.771624
0.811873
0.784873
0.795584
0.765236
0.792077
0.779888
0.781230
0.759428
0.733924
0.793584
0.761529
0.746625
0.788822
0.806293
0.759650
0.763972
0.793554
0.792541
0.797714
0.753612
0.800105
0.778200
0.802590
0.770986
0.809719
0.796995
0.791697
0.783748
0.801840
0.789746
0.805002
0.773706
0.821682
0.781503
0.822355
0.751993
0.805188
0.781919
0.775585
0.849842
0.824338
0.667589
0.812302
0.718039
0.799555
0.782491
0.768342
0.716644
0.832677
0.817451
0.820119
0.838691
0.810017
0.825470
0.799649
0.792944
0.802886
0.795642
0.775137
0.740735
0.822657
0.769090
0.781441
0.774796
0.784747
0.782987
0.749542
0.760704
0.766503
0.796898
0.773290
0.744202
0.804719
0.786276
0.806418
0.766575
0.787249
0.783765
0.742563
0.758154
0.784619
0.784115
0.800960
0.802134
0.805194
0.780548
0.776866
0.767344
0.816916
0.787014
0.761537
0.812673
0.797607
0.798192
0.786704
0.788434
0.795976
0.791612
0.786614
0.771511
0.810047
0.801529
0.782257
0.762642
0.803943
0.796260
0.811093
0.763269
0.773136
0.790542
0.752006
0.773756
0.793240
0.819103
0.793048
0.768559
0.750290
0.782922
0.777943
0.765332
0.791966
0.812374
0.781012
0.771522
0.821708
0.787721
0.800438
0.778967
0.814438
0.792950
0.804165
0.770397
0.799346
0.792671
0.819511
0.778116
0.803669
0.758798
0.804235
0.779858
0.800221
0.755199
0.795115
0.785764
0.813015
0.801259
0.807724
0.752065
0.800480
0.798609
0.758301
0.834978
0.797143
0.728185
0.773751
0.737521
0.811322
0.770249
0.781230
0.671933
0.803798
0.843278
0.794617
0.786676
0.812433
0.818529
0.760942
0.779911
0.734830
0.798690
0.777230
0.750023
0.792405
0.804249
0.786950
0.790585
0.782050
0.783190
0.741761
0.771482
0.814224
0.788307
0.791769
0.771979
0.816555
0.781081
0.769934
0.678772
0.802249
0.756397
0.775774
0.753088
0.786603
0.794658
0.761668
0.764615
0.766499
0.804250
0.788568
0.783976
0.783086
0.817784
0.757020
0.794460
0.750103
0.799166
0.788159
0.752104
0.796670
0.765484
0.790382
0.779197
0.763303
0.788746
0.792845
0.780226
0.785936
0.779635
0.792098
0.778284
0.813540
0.783130
0.796695
0.770877
0.793075
0.807234
0.749249
0.771380
0.788344
0.781669
0.763061
0.778859
0.793209
0.788391
0.755372
0.772431
0.792448
0.789054
0.745524
0.792349
0.800520
0.797098
0.796648
0.729423
0.814447
0.755545
0.785504
0.777906
0.821912
0.792356
0.748102
0.788104
0.814777
0.796895
0.751868
0.601859
0.708782
0.890324
0.597440
0.796180
0.807530
0.821566
0.803013
0.822009
0.821697
0.784553
0.754565
0.809810
0.800418
0.810437
0.820517
0.814607
0.816876
0.777888
0.828720
0.773822
0.756196
0.775159
0.791870
0.738885
0.792906
0.786343
0.775090
0.731363
0.789145
0.786830
0.770622
0.750913
0.793301
0.798206
0.767073
0.730557
0.809319
0.814082
0.792654
0.756117
0.790586
0.792989
0.783638
0.744927
0.816751
0.767001
0.772599
0.781354
0.819900
0.758253
0.795970
0.810052
0.819834
0.803763
0.809913
0.799763
0.823173
0.786882
0.776862
0.772437
0.813253
0.813659
0.758836
0.776576
0.811747
0.800171
0.817355
0.765821
0.810826
0.792624
0.792302
0.727244
0.788492
0.804109
0.774525
0.748452
0.791896
0.772621
0.781646
0.759209
0.778611
0.776293
0.786752
0.768658
0.773853
0.782493
0.805059
0.795934
0.801961
0.772232
0.793176
0.779910
0.788028
0.799334
0.786529
0.984196
0.785392
0.609448
0.807325
0.754318
0.796425
0.786217
0.694736
0.751756
0.830289
0.853980
0.870019
0.835926
0.803680
0.835655
0.759980
0.797054
0.795521
0.797836
0.820813
0.706682
0.776844
0.797088
0.772494
0.762525
0.773094
0.767465
0.779928
0.764447
0.768147
0.786808
0.763297
0.751293
0.789152
0.786862
0.773080
0.749348
0.824703
0.790867
0.794725
0.785410
0.781111
0.810072
0.783024
0.808563
0.803303
0.805127
0.784014
0.800417
0.741217
0.785941
0.809372
0.798127
0.806498
0.783674
0.775866
0.771770
0.794586
0.784413
0.814472
0.724945
0.793584
0.792006
0.771339
0.756658
0.820362
0.784525
0.787731
0.755968
0.803402
0.791573
0.792991
0.754111
0.776193
0.802045
0.790695
0.762684
0.793822
0.803836
0.779844
0.770252
0.803736
0.774716
0.798524
0.764049
0.797094
0.787707
0.818908
0.750429
0.815755
0.777493
0.744686
0.799596
0.797911
0.816185
0.791570
0.780721
0.808179
0.748259
0.797520
0.763203
0.790978
0.779942
0.773654
0.605052
0.828110
0.746568
0.634182
0.774997
0.771695
0.940722
0.753237
0.824394
0.845054
0.768532
0.788729
0.797688
0.820001
0.827197
0.790707
0.824967
0.823681
0.815417
0.783470
0.795907
0.793585
0.794557
0.748231
0.740798
0.789727
0.748141
0.785030
0.718972
0.799454
0.733763
0.767012
0.763894
0.763745
0.786393
0.805750
0.743954
0.780373
0.787814
0.763848
0.794350
0.786124
0.832251
0.796023
0.794228
0.808980
0.818153
0.808036
0.786650
0.802828
0.796996
0.817932
0.794082
0.801350
0.792189
0.812703
0.784841
0.801020
0.802550
0.798555
0.774354
0.792553
0.786277
0.772004
0.764878
0.804322
0.799051
0.780397
0.749485
0.791613
0.790460
0.744960
0.755366
0.801819
0.805823
0.799208
0.774599
0.780640
0.794913
0.779684
0.770094
0.771179
0.765765
0.814939
0.776824
0.805742
0.791392
0.788286
0.784447
0.798836
0.790631
0.803225
0.785946
0.783772
0.769709
0.799439
1.120090
0.752102
0.728600
0.783229
0.796768
0.768962
0.792578
0.718608
0.789749
0.847152
0.851027
0.841001
0.845613
0.809664
0.841779
0.756500
0.829729
0.819664
0.793150
0.840601
0.771487
0.791430
0.785052
0.783616
0.773489
0.783314
0.777267
0.779670
0.791949
0.776429
0.775302
0.743320
0.732629
0.794462
0.776367
0.790165
0.755886
0.781772
0.763251
0.774103
0.775754
0.832450
0.793159
0.790738
0.782899
0.789506
0.792485
0.801273
0.790565
0.819635
0.792588
0.791864
0.772818
0.829134
0.789597
0.782677
0.781488
0.816717
0.791736
0.804214
0.774298
0.791764
0.813527
0.780491
0.778629
0.798259
0.807387
0.763397
0.739981
0.776410
0.814421
0.787584
0.743712
0.802687
0.791142
0.801333
0.778016
0.800379
0.791239
0.775118
0.770950
0.803890
0.790951
0.780315
0.780645
0.810827
0.772211
0.784236
0.778060
0.802233
0.808468
0.813537
0.788907
0.818465
0.786807
0.766790
0.942836
0.787020
0.601551
0.790765
0.678102
0.790939
0.752018
0.722829
0.725981
0.849816
0.826479
0.842178
0.839101
0.812943
0.843534
0.758991
0.801189
0.797627
0.759647
0.816520
0.766156
0.831877
0.783775
0.782435
0.755057
0.811967
0.741702
0.780134
0.731828
0.760029
0.779705
0.745513
0.753794
0.784849
0.794090
0.738009
0.793557
0.800617
0.788413
0.794987
0.750514
0.818032
0.788357
0.786545
0.784800
0.821012
0.798650
0.771755
0.771143
0.772653
0.770211
0.799745
0.773711
0.791968
0.792943
0.807664
0.766091
0.796369
0.789008
0.803681
0.812505
0.799563
0.783043
0.763315
0.743265
0.814687
0.748542
0.782726
0.748366
0.796903
0.779528
0.740808
0.735709
0.796483
0.788076
0.754942
0.779067
0.784327
0.804073
0.793990
0.773480
0.795747
0.798757
0.783073
0.768701
0.800781
0.817944
0.738106
0.763451
0.803038
0.772220
0.769396
0.807460
0.733424
0.794516
0.744020
0.785339
0.737723
0.759235
0.774766
0.651757
0.849804
0.755249
0.816567
0.733014
0.848183
0.825323
0.814471
0.778272
0.758082
0.816014
0.776693
0.831477
0.804205
0.767200
0.803369
0.785242
0.779658
0.781182
0.783737
0.754664
0.782181
0.776471
0.726093
0.747216
0.773574
0.777023
0.770529
0.746600
0.771671
0.780642
0.772308
0.751022
0.780919
0.786038
0.776591
0.768982
0.790264
0.786361
0.780323
0.774395
0.792782
0.783523
0.782676
0.782851
0.802199
0.779585
0.786384
0.786716
0.798319
0.777052
0.784583
0.784966
0.802401
0.776931
0.786520
0.776493
0.795555
0.779510
0.781914
0.771697
0.790228
0.784161
0.780788
0.763510
0.790374
0.791223
0.776272
0.756998
0.738368
0.769020
0.779379
0.730623
0.806491
0.749741
0.775099
0.765278
0.805783
0.814761
0.783339
0.786063
0.810202
0.784113
0.771261
0.789889
0.780526
0.790020
0.768626
0.805620
0.796174
0.806135
0.806763
0.783776
0.800067
0.789532
0.778710
0.794182
0.810003
0.790923
0.808586
1.061043
0.782805
0.672696
0.896175
0.800676
0.786553
0.831272
0.747625
0.758460
0.827005
0.837645
0.796271
0.738264
0.824858
0.836363
0.753618
0.818116
0.792716
0.772172
0.792441
0.754421
0.780985
0.774436
0.773777
0.762930
0.786485
0.770749
0.775717
0.755929
0.789947
0.783932
0.772795
0.767537
0.796022
0.785164
0.779355
0.775170
0.798298
0.785631
0.781412
0.778604
0.801893
0.785996
0.781821
0.779164
0.802032
0.788042
0.784830
0.780175
0.800865
0.790099
0.782629
0.776818
0.800375
0.792683
0.780837
0.772737
0.796128
0.791362
0.779554
0.768658
0.796601
0.791176
0.779053
0.764611
0.794357
0.787828
0.777846
0.763234
0.797590
0.786244
0.778766
0.767247
0.794106
0.783985
0.779429
0.770887
0.797458
0.784440
0.778618
0.775358
0.800884
0.784905
0.779718
0.777184
0.800860
0.788306
0.780822
0.776463
0.797860
0.789969
0.779433
0.775227
0.799667
0.792056
0.778837
0.772423
0.798107
0.792529
0.778429
0.768793
0.797728
0.790262
0.781693
0.766974
0.795650
0.787786
0.779309
0.775407
0.786411
0.784904
0.783774
0.772891
0.766237
0.785821
0.743405
0.783829
0.796375
0.789491
0.785114
0.771374
0.766837
0.760640
0.794102
0.787594
0.802204
0.802385
0.798813
0.770616
0.796678
0.809510
0.800308
0.787393
0.780103
0.799756
0.779040
0.762276
0.813368
0.801588
0.779935
0.788906
0.800968
0.813317
0.781033
0.787843
0.783267
0.804112
0.793368
0.776558
0.794897
0.795875
0.769726
0.775238
0.795836
0.786107
0.759743
0.776193
0.822078
0.794310
0.809063
0.774831
0.798327
0.783375
0.776160
0.797580
0.813505
0.792646
0.776557
0.796007
0.806761
0.800660
0.790961
0.785399
0.822995
0.787930
0.777936
0.779039
0.780397
0.792769
0.797282
0.764395
0.800583
0.794728
0.765148
0.778361
0.813481
0.786503
0.786206
0.775195
0.801026
0.796335
0.797824
0.736677
0.816293
0.798798
0.805432
0.727658
0.798964
0.770855
0.749357
0.770106
0.797227
0.795781
0.810592
0.782607
0.797928
0.792254
0.794631
0.784888
0.794508
0.796486
0.802655
0.774604
0.795415
0.809221
0.791317
0.774961
0.811080
0.803595
0.781494
0.768734
0.819806
0.786356
0.779436
0.766656
0.766655
0.769337
0.786148
0.771210
0.803078
0.789806
0.763731
0.770358
0.798078
0.786503
0.782578
0.770184
0.800403
0.786203
0.783384
0.771590
0.797635
0.786222
0.785307
0.773611
0.798614
0.788729
0.780356
0.773608
0.798344
0.789923
0.781507
0.772267
0.796928
0.790765
0.784609
0.775822
0.798117
0.791020
0.780988
0.764524
0.795666
0.803419
0.806027
0.770546
0.797391
0.789055
0.784341
0.768312
0.811305
0.759277
0.768438
0.783538
0.785823
0.805864
0.798320
0.748649
0.800434
0.771932
0.811807
0.787874
0.802070
0.790853
0.787571
0.777850
0.819613
0.810721
0.778979
0.768319
0.781766
0.769822
0.808369
0.771651
0.797069
0.754079
0.797296
0.792034
0.796493
0.802905
0.757943
0.771754
0.808375
0.771300
0.786499
0.800671
0.776329
0.783275
0.794065
0.771350
0.798744
0.801933
0.786269
0.741725
0.803984
0.786743
0.794034
0.779202
0.795587
0.789218
0.780782
0.776545
0.793423
 
END END

END END

END END

END END

END END

0.762036
0.803461
0.800402
0.796052
0.777213
0.801962
0.790476
0.783495
0.775182
0.799620
0.781796
0.788493
0.779587
0.787581
0.793607
0.790414
0.769492
0.789182
0.787933
0.788686
0.735804
0.820562
0.797998
0.779858
0.764815
0.812610
0.765542
0.765327
0.771415
0.799835
0.787259
0.774506
0.791470
0.813074
0.782673
0.766564
0.769489
0.804263
0.795362
0.781150
0.796717
0.788220
0.755509
0.803503
0.763472
0.803079
0.783642
0.779027
0.789630
0.796605
0.788290
0.800580
0.759683
0.797740
0.789816
0.769758
0.767225
0.805057
0.789789
0.793125
0.772438
0.804722
0.799996
0.760653
0.768739
0.808548
0.801327
0.769134
0.778078
0.764760
0.792776
0.751427
0.780428
0.812133
0.794425
0.754897
0.767194
0.799691
0.792205
0.817197
0.768823
0.794282
0.782792
0.779549
0.771474
0.791083
0.797377
0.778425
0.770730
0.785696
0.795255
0.777518
0.767050
0.806467
0.799687
0.795804
0.771836
0.813087
0.792978
0.747669
0.768743
0.782964
0.789172
0.794573
0.767728
0.808052
0.800686
0.790577
0.771129
0.796432
0.789639
0.795390
0.762309
0.781023
0.802306
0.760470
0.787624
0.772396
0.807881
0.795270
0.736870
0.817993
0.796187
0.774528
1.001807
0.689633
0.750475
0.665440
0.721023
0.793745
0.738234
0.778305
0.804293
0.852165
0.797637
0.823796
0.801594
0.842308
0.777784
0.807349
0.843276
0.799684
0.779307
0.805816
0.813763
0.822622
0.793764
0.784536
0.796013
0.762185
0.797320
0.738933
0.642630
0.796730
0.825999
0.768795
0.776074
0.768300
0.827927
0.755122
0.731762
0.787716
0.804411
0.742128
0.765106
0.792982
0.815472
0.777997
0.800003
0.823436
0.784474
0.805416
0.794231
0.799566
0.793318
0.782733
0.809967
0.820550
0.758337
0.823000
0.799949
0.796521
0.770995
0.804606
0.786500
0.802454
0.755190
0.750567
0.733085
0.812376
0.801116
0.816009
0.736391
0.800669
0.796397
0.775751
0.759223
0.775059
0.812846
0.779150
0.737784
0.791701
0.813945
0.755052
0.758760
0.783579
0.800487
0.813145
0.776755
0.788300
0.782522
0.790031
0.795082
0.791859
0.756112
0.795579
0.794814
0.779501
0.771999
0.778481
0.794301
0.803233
0.768994
0.786651
1.248754
0.665593
0.837395
0.656688
0.767993
0.816363
0.812008
0.814101
0.814703
0.870259
0.799955
0.810833
0.828308
0.837560
0.786990
0.810655
0.826342
0.819107
0.778916
0.776462
0.814499
0.795245
0.793564
0.775763
0.690479
0.778314
0.756522
0.791404
0.773759
0.766685
0.806549
0.765729
0.727727
0.791604
0.795188
0.801544
0.745696
0.776583
0.820137
0.778527
0.775372
0.820086
0.819776
0.810050
0.800299
0.810210
0.821599
0.785903
0.812904
0.805207
0.800081
0.833743
0.766973
0.834458
0.794476
0.829679
0.816597
0.811120
0.785357
0.815090
0.773702
0.808997
0.754252
0.789735
0.746199
0.787426
0.765735
0.789861
0.746669
0.794431
0.798440
0.807804
0.765530
0.803075
0.804235
0.746182
0.761502
0.815194
0.794539
0.757684
0.801666
0.799974
0.804954
0.779453
0.800536
0.800971
0.778304
0.799608
0.822103
0.761622
0.792972
0.803527
1.030526
0.624094
0.700658
0.748875
0.757033
0.795012
0.819524
0.836409
0.813393
0.849377
0.763282
0.766774
0.796471
0.855997
0.776594
0.817292
0.800770
0.813436
0.751352
0.815563
0.839881
0.808850
0.776196
0.789812
0.771896
0.806541
0.768016
0.776743
0.654946
0.765860
0.806463
0.764387
0.770974
0.753499
0.795199
0.759991
0.743981
0.791704
0.815732
0.799452
0.743281
0.800780
0.813219
0.770065
0.783571
0.806530
0.807492
0.796336
0.789546
0.829348
0.780791
0.811689
0.814517
0.808161
0.787175
0.771582
0.782231
0.800981
0.768563
0.780566
0.779620
0.808298
0.775160
0.773568
0.773536
0.775615
0.756928
0.796607
0.767965
0.748846
0.785103
0.741018
0.711335
0.801119
0.762647
0.816937
0.752476
0.785730
0.802375
0.759730
0.766657
0.784925
0.793051
0.780067
0.770240
0.768470
0.800559
0.748545
0.778143
0.795124
0.769388
0.762536
0.807273
0.810596
0.798523
0.790890
0.765534
0.757749
0.776236
0.761660
0.864458
0.850446
0.823847
0.738319
0.722652
0.802149
0.799218
0.866615
0.810724
0.803516
0.805928
0.790478
0.823013
0.819692
0.787939
0.779598
0.772673
0.825299
0.791997
0.823607
0.775602
0.808234
0.811559
0.742511
0.745858
0.766271
0.817042
0.761172
0.638938
0.760229
0.817995
0.716503
0.738357
0.798549
0.796450
0.740877
0.775779
0.783407
0.789492
0.786271
0.769398
0.821639
0.805739
0.760206
0.796247
0.809142
0.812930
0.776211
0.806328
0.826644
0.775176
0.793262
0.791209
0.810481
0.776034
0.785920
0.788430
0.827000
0.792694
0.798842
0.784167
0.789244
0.806541
0.769832
0.757675
0.782901
0.809024
0.785505
0.731672
0.803898
0.792269
0.760511
0.771454
0.796554
0.796164
0.767986
0.749107
0.774850
0.809881
0.793247
0.790945
0.788964
0.786405
0.784860
0.789018
0.802503
0.773918
0.782598
0.787957
0.786804
0.756493
0.789488
0.789626
0.808723
0.886607
0.811968
0.724087
0.781320
0.844457
0.670888
0.764494
0.840192
0.745466
0.785383
0.857136
0.833478
0.775151
0.762881
0.843747
0.832732
0.757154
0.822959
0.775035
0.811651
0.787260
0.798725
0.824067
0.799138
0.786107
0.764164
0.759837
0.795538
0.780735
0.739704
0.719059
0.781229
0.778974
0.765647
0.643780
0.753447
0.793360
0.761886
0.742555
0.773467
0.812272
0.776417
0.715116
0.791221
0.815842
0.782881
0.791178
0.809367
0.798042
0.779075
0.819609
0.807702
0.787732
0.774692
0.782399
0.810549
0.780648
0.784484
0.797708
0.833756
0.789794
0.779776
0.832135
0.816398
0.790078
0.779422
0.766190
0.818526
0.805635
0.793931
0.754903
0.802725
0.772910
0.770630
0.746160
0.784262
0.804208
0.788247
0.756296
0.774000
0.810645
0.798303
0.759654
0.787993
0.806461
0.766539
0.773980
0.804769
0.791511
0.760496
0.805692
0.799931
0.775512
0.784356
0.725484
0.778279
0.705282
0.806032
0.859977
0.836493
0.753019
0.749546
0.747283
0.809009
0.769657
0.829131
0.813456
0.781173
0.770097
0.768681
0.823714
0.841534
0.769999
0.816464
0.823989
0.804703
0.774239
0.819836
0.793819
0.803896
0.804982
0.791452
0.761482
0.769200
0.808126
0.767518
0.676799
0.798183
0.790064
0.753640
0.726475
0.786998
0.779924
0.773365
0.739506
0.785842
0.788608
0.758643
0.690170
0.794399
0.798436
0.753383
0.737411
0.816742
0.801668
0.745499
0.746800
0.804452
0.778143
0.755395
0.797581
0.812017
0.779295
0.797482
0.796256
0.818491
0.794185
0.814377
0.812383
0.786907
0.782512
0.776627
0.779874
0.805064
0.773860
0.740522
0.749879
0.788597
0.809676
0.776257
0.747391
0.786876
0.772604
0.794596
0.774920
0.791164
0.798959
0.774152
0.759543
0.790827
0.768610
0.778928
0.789358
0.768135
0.779917
0.779973
0.788221
0.773088
0.747236
0.755856
0.805179
0.825137
0.640166
0.793300
0.853337
0.751019
0.775344
0.705804
0.838994
0.836800
0.725863
0.790478
0.855348
0.814539
0.799682
0.795537
0.789058
0.829885
0.794112
0.814993
0.813912
0.829284
0.792433
0.823817
0.797159
0.789833
0.800400
0.786524
0.755862
0.775027
0.790598
0.768339
0.692653
0.735121
0.791720
0.738982
0.744549
0.762752
0.820156
0.749384
0.697044
0.795889
0.800419
0.743981
0.780632
0.804344
0.797170
0.799253
0.788646
0.812876
0.793267
0.777515
0.809348
0.780659
0.769313
0.804374
0.822806
0.824194
0.780127
0.778140
0.797573
0.797826
0.758810
0.759948
0.775813
0.797678
0.815421
0.775626
0.794842
0.759901
0.789591
0.810431
0.786464
0.790554
0.798702
0.768890
0.780099
0.799216
0.771237
0.784570
0.758173
0.788828
0.802112
0.813418
0.752275
0.805070
0.817116
0.788829
0.785386
0.778959
0.779123
0.750401
0.830405
0.817549
0.782520
0.781949
0.959667
0.622437
0.820097
0.627892
0.683692
0.834170
0.859236
0.830361
0.805674
0.838582
0.799026
0.781932
0.807763
0.829259
0.776864
0.793871
0.823145
0.815968
0.782152
0.804614
0.803066
0.837784
0.795882
0.805130
0.769842
0.807212
0.799940
0.766637
0.729132
0.798977
0.800263
0.787605
0.694115
0.777045
0.785899
0.777955
0.763551
0.792244
0.804043
0.729526
0.746284
0.782376
0.796971
0.772400
0.763786
0.821263
0.801649
0.768531
0.785409
0.806578
0.794143
0.771673
0.795423
0.818072
0.769616
0.756891
0.781430
0.825258
0.771326
0.807671
0.782914
0.816179
0.766852
0.784424
0.805760
0.797819
0.740026
0.758177
0.766861
0.785156
0.785192
0.797000
0.750767
0.779458
0.773001
0.742016
0.755590
0.813267
0.820155
0.772472
0.766941
0.785680
0.795499
0.744138
0.773031
0.790737
0.777056
0.772686
0.799134
0.797000
0.789311
0.821686
1.073127
0.693042
0.792966
0.670080
0.782518
0.828191
0.779453
0.756774
0.886656
0.842744
0.785367
0.787492
0.829819
0.803554
0.785123
0.786888
0.822843
0.821001
0.784733
0.782776
0.726271
0.810676
0.796251
0.785577
0.788012
0.760426
0.800399
0.770007
0.736595
0.798531
0.787111
0.784729
0.671502
0.770504
0.776893
0.780756
0.771699
0.782549
0.806660
0.761345
0.759316
0.796482
0.818411
0.793211
0.762819
0.831328
0.798469
0.801198
0.812886
0.808803
0.801271
0.798495
0.810434
0.831515
0.790547
0.758333
0.801349
0.815070
0.799905
0.799299
0.805292
0.793858
0.779565
0.785060
0.787172
0.803206
0.797868
0.745176
0.770673
0.794141
0.773276
0.788279
0.751601
0.787519
0.796169
0.779277
0.754827
0.802451
0.770042
0.806643
0.780273
0.799028
0.800442
0.800865
0.791917
0.804014
0.799340
0.780324
0.785322
0.799682
0.784105
0.786486
0.811680
0.805557
0.783312
0.784015
0.805016
0.815819
0.792959
0.767621
0.828238
0.747612
0.823986
0.736347
0.714801
0.790165
0.819339
0.793245
0.807078
0.840294
0.794894
0.804070
0.722044
0.818953
0.759692
0.814331
0.809528
0.832774
0.795704
0.803502
0.831864
0.824033
0.776295
0.795974
0.777024
0.796489
0.776246
0.786923
0.722286
0.773582
0.780688
0.769164
0.722883
0.735124
0.807349
0.758177
0.738459
0.796557
0.800564
0.795462
0.761259
0.795096
0.802295
0.754966
0.784028
0.793050
0.776134
0.798883
0.795182
0.810154
0.781290
0.789118
0.803761
0.832669
0.777143
0.790565
0.794598
0.832611
0.778642
0.767736
0.825950
0.809141
0.781334
0.827839
0.777432
0.832424
0.787706
0.813709
0.739958
0.788777
0.771822
0.738756
0.712638
0.799713
0.804352
0.738613
0.757449
0.760071
0.815755
0.786158
0.757476
0.800448
0.820340
0.795422
0.779161
0.801259
0.807755
0.802612
0.785645
0.801440
0.769618
0.777777
0.781802
0.811801
0.783022
0.804542
0.795357
0.817056
0.773880
0.784506
0.778377
0.804750
0.783725
0.761567
0.784024
0.824432
0.791134
0.787315
0.780816
0.798552
0.799835
0.793975
0.764623
0.794731
0.810045
0.792008
0.76507ô
END END

END END

END END

END END

END END

0.795778
0.773039
0.781539
0.799688
0.776400
0.824519
0.809344
0.783347
0.735850
0.736281
0.795328
0.779454
0.774828
0.804093
0.786383
0.791466
0.793839
0.787383
0.787587
0.802969
0.795244
0.811527
0.787948
0.781657
0.809876
0.816163
0.779147
0.802976
0.771474
0.793923
0.796141
0.774021
0.785507
0.757074
0.780990
0.788585
0.776036
0.763957
0.779925
0.795011
0.799912
0.796703
0.791567
0.800057
0.805039
0.803192
0.804318
0.786514
0.783539
0.808126
0.767101
0.752251
0.804765
0.814592
0.791260
0.755864
0.709411
0.799271
0.791240
0.810736
0.779718
0.741279
0.794486
0.751903
0.795133
0.805093
0.759817
0.811183
0.777446
0.810483
0.757723
0.789944
0.784872
0.818635
0.786590
0.749371
0.767687
0.780150
0.778948
0.785489
0.764784
0.797893
0.792683
0.784107
0.799105
0.799483
0.768963
0.759995
0.766842
0.795550
0.820849
0.782868
0.779197
0.791058
0.796660
0.759352
0.788064
0.796445
0.792679
0.756282
0.774474
0.799878
0.794959
0.779949
0.780777
0.800518
0.789768
0.791534
0.784429
0.813938
0.815372
0.798695
0.785193
0.805288
0.794918
0.786092
0.836372
0.768615
0.794185
0.768628
0.595103
0.686573
0.934553
0.671718
0.881490
0.818743
0.700197
0.879532
0.789588
0.822015
0.783539
0.816381
0.837117
0.822188
0.767935
0.804465
0.739581
0.775088
0.795031
0.802177
0.801701
0.787215
0.814829
0.753513
0.766272
0.737808
0.820004
0.759868
0.653724
0.780227
0.813532
0.766156
0.744837
0.769777
0.803663
0.813843
0.803306
0.768370
0.810885
0.758075
0.787444
0.799223
0.814365
0.817524
0.794906
0.829636
0.801616
0.782552
0.808607
0.806057
0.802348
0.783690
0.792997
0.818263
0.785571
0.791757
0.779781
0.782142
0.768503
0.734522
0.768657
0.792063
0.786233
0.766524
0.747559
0.808136
0.786481
0.737641
0.724500
0.797225
0.826216
0.787397
0.762479
0.798004
0.802494
0.780780
0.771322
0.784874
0.812645
0.751062
0.786057
0.773073
0.818529
0.801005
0.777714
0.801249
0.793056
0.758431
0.783534
0.799847
0.798444
0.804598
0.670841
0.725723
0.901732
0.738979
0.875185
0.750749
0.709764
0.812545
0.645687
0.853523
0.784377
0.831365
0.792885
0.815134
0.765629
0.817642
0.823958
0.820846
0.772945
0.822571
0.777011
0.827578
0.804466
0.765468
0.800806
0.803371
0.799694
0.748328
0.729496
0.760672
0.820719
0.771125
0.741198
0.775639
0.818117
0.764724
0.750840
0.802540
0.818363
0.790551
0.790885
0.821605
0.798889
0.742467
0.771302
0.816631
0.752888
0.809945
0.756677
0.824874
0.784276
0.764401
0.787594
0.821749
0.758457
0.784467
0.770983
0.796973
0.780333
0.775421
0.765708
0.798871
0.796194
0.776918
0.753978
0.750993
0.784034
0.794120
0.769440
0.807150
0.804440
0.766841
0.690650
0.800978
0.808737
0.784872
0.750849
0.796465
0.808241
0.761685
0.794175
0.800134
0.803760
0.757939
0.815195
0.805238
0.811215
0.789844
0.782256
0.783100
0.789968
0.797483
0.783616
0.775465
0.784012
0.803831
0.595822
0.707798
0.773967
0.735929
0.753647
0.745825
0.806111
0.759475
0.821335
0.843618
0.731185
0.849676
0.784865
0.807902
0.782468
0.784199
0.808331
0.846850
0.762586
0.814105
0.769259
0.801906
0.818929
0.744180
0.726858
0.776552
0.820126
0.775994
0.745651
0.796618
0.813432
0.781986
0.735566
0.797533
0.783094
0.760168
0.741722
0.799106
0.813642
0.766522
0.755736
0.820171
0.773604
0.773336
0.775929
0.770998
0.785075
0.791139
0.805802
0.805607
0.773606
0.753566
0.799736
0.799070
0.765260
0.791147
0.767044
0.732830
0.758139
0.772811
0.731776
0.808510
0.787377
0.806148
0.797681
0.813874
0.810118
0.729834
0.772666
0.797000
0.795649
0.781212
0.761154
0.793980
0.809039
0.791412
0.766902
0.811783
0.810912
0.747869
0.785500
0.789329
0.805957
0.798783
0.788072
0.792867
0.787296
0.791472
0.922666
0.734846
0.787499
0.741506
0.758176
0.751606
0.716421
0.752491
0.849614
0.844092
0.735282
0.812615
0.749921
0.797387
0.779158
0.777908
0.871606
0.839589
0.785350
0.821606
0.735996
0.825080
0.815871
0.791439
0.739983
0.791222
0.831061
0.775541
0.780724
0.793218
0.808980
0.778559
0.748324
0.814195
0.786132
0.764183
0.771095
0.801565
0.821205
0.773274
0.748757
0.794216
0.783191
0.797953
0.792546
0.817480
0.836345
0.776887
0.778562
0.802192
0.797422
0.800527
0.811513
0.731981
0.784882
0.797460
0.734042
0.806201
0.773052
0.804037
0.777929
0.791352
0.767560
0.797320
0.778293
0.791979
0.772527
0.746375
0.769136
0.817726
0.803261
0.788826
0.755996
0.798592
0.827371
0.773685
0.771559
0.807608
0.821041
0.795241
0.789639
0.798117
0.824516
0.734831
0.772425
0.809535
0.808238
0.771738
0.785062
0.827891
0.800577
0.796849
0.869879
0.758313
0.768706
0.733166
0.726211
0.646913
0.965707
0.621705
0.886106
0.790249
0.709777
0.809531
0.782097
0.892239
0.761278
0.802083
0.862215
0.851382
0.756395
0.830406
0.819757
0.812603
0.804613
0.781720
0.716513
0.778370
0.824177
0.809869
0.770132
0.825197
0.774748
0.773566
0.715226
0.818453
0.814532
0.760338
0.772234
0.786573
0.827410
0.778110
0.726011
0.808384
0.811539
0.785823
0.736360
0.787089
0.808921
0.786275
0.778542
0.796656
0.792933
0.777819
0.781658
0.804401
0.784101
0.832010
0.749915
0.803323
0.761681
0.741878
0.758214
0.777778
0.787381
0.827078
0.753961
0.745320
0.786574
0.794587
0.783938
0.801206
0.793535
0.792391
0.755215
0.809991
0.782896
0.780257
0.781784
0.801613
0.809465
0.811531
0.777814
0.787409
0.810534
0.780172
0.768421
0.803529
0.812278
0.741204
0.776426
0.801302
0.806769
0.805514
0.763139
0.730788
0.787373
0.724536
0.780266
0.782285
0.775475
0.813584
0.750181
0.822749
0.746690
0.818079
0.798843
0.804134
0.786935
0.812973
0.812708
0.801930
0.788082
0.801269
0.812990
0.828203
0.800137
0.776711
0.759315
0.821466
0.798933
0.733749
0.798965
0.793021
0.838834
0.742960
0.706889
0.815754
0.789937
0.749784
0.758697
0.788666
0.839623
0.735036
0.757895
0.788987
0.828469
0.782095
0.779319
0.811128
0.818567
0.792885
0.763361
0.784733
0.777680
0.787520
0.782486
0.817892
0.787103
0.788802
0.780773
0.748004
0.777040
0.752151
0.760433
0.810341
0.724118
0.774986
0.783329
0.792656
0.778935
0.799953
0.794200
0.799976
0.789135
0.795234
0.756909
0.807676
0.751740
0.792390
0.755155
0.780719
0.794889
0.804166
0.745322
0.798461
0.818411
0.764735
0.735406
0.812429
0.806165
0.787790
0.786027
0.809261
0.792871
0.806964
0.793709
0.787624
0.795916
0.812927
0.577040
0.723708
0.934125
0.726203
1.019432
0.824501
0.702345
0.783411
0.751805
0.831836
0.766720
0.786289
0.828677
0.816660
0.755272
0.819413
0.806022
0.795456
0.819614
0.790274
0.772969
0.760124
0.798690
0.770657
0.762082
0.782806
0.825346
0.735899
0.783309
0.780501
0.827083
0.772737
0.774397
0.753708
0.794084
0.794487
0.712221
0.806890
0.815741
0.793881
0.813432
0.813916
0.799751
0.806185
0.797221
0.791871
0.800445
0.770392
0.773649
0.776766
0.804633
0.756881
0.733328
0.807905
0.751141
0.748207
0.789684
0.781189
0.769342
0.730483
0.769267
0.762061
0.773769
0.783343
0.780557
0.783488
0.818278
0.745813
0.810226
0.738091
0.787405
0.779994
0.809016
0.804016
0.822027
0.813470
0.767107
0.804570
0.829999
0.772930
0.772028
0.804264
0.827297
0.736100
0.769883
0.746803
0.799895
0.799154
0.777906
0.794307
0.784192
0.766142
0.791111
0.812691
0.783290
0.788752
0.895623
0.657919
0.797756
0.736759
0.547942
0.733427
0.830974
0.681142
0.886185
0.856123
0.669728
0.830013
0.747627
0.832630
0.785383
0.783395
0.779598
0.847367
0.768778
0.833316
0.792396
0.771717
0.779288
0.798168
0.775582
0.753735
0.812196
0.755371
0.757123
0.783017
0.833232
0.729389
0.738003
0.773182
0.825886
0.794173
0.768073
0.800074
0.824275
0.767229
0.752167
0.812139
0.811295
0.793443
0.806743
0.800152
0.820553
0.777443
0.786185
0.795619
0.802544
0.788844
0.788032
0.819569
0.765848
0.764072
0.791254
0.805964
0.772144
0.757883
0.771828
0.810566
0.785477
0.780625
0.791468
0.775569
0.781308
0.748190
0.782865
0.768567
0.801692
0.752522
0.781981
0.797536
0.814109
0.795414
0.778154
0.808368
0.796583
0.795603
0.799928
0.799096
0.816043
0.778630
0.784037
0.783683
0.794896
0.783850
0.774195
0.807783
0.758921
0.806671
0.793465
0.780160
0.778414
0.789965
0.751307
0.768735
0.947199
0.616310
0.863187
0.819839
0.654829
0.862827
0.781729
0.881701
0.794879
0.772366
0.831766
0.831220
0.771386
0.825198
0.793480
0.782301
0.770552
0.813215
0.773392
0.834175
0.804866
0.739314
0.829662
0.803260
0.799167
0.774500
0.743918
0.773583
0.797734
0.786195
0.737494
0.803158
0.810561
0.768098
0.751611
0.783527
0.823493
0.782814
0.717859
0.797008
0.807211
0.738049
0.786414
0.799669
0.818376
0.741786
0.781266
0.789729
0.790507
0.765764
0.803211
0.807554
0.723099
0.794721
0.761572
0.793927
0.774035
0.792991
0.762450
0.788506
0.800875
0.749343
0.770495
0.782944
0.788102
0.783823
0.728650
0.810701
0.789182
0.786433
0.760785
0.752801
0.804485
0.787431
0.779600
0.827306
0.814118
0.794966
0.779790
0.812597
0.810092
0.796723
0.790833
0.796585
0.799045
0.767187
0.778649
0.768107
0.759784
0.800878
0.822402
0.774137
0.778300
0.800715
0.741058
0.710240
0.958152
0.645494
0.967766
0.814814
0.682315
0.784464
0.803236
0.825196
0.781912
0.811449
0.826345
0.790900
0.730900
0.820088
0.782205
0.803711
0.790830
0.830204
0.746950
0.810464
0.808643
0.764379
0.746033
0.804506
0.803413
0.743830
0.741114
0.783378
0.827106
0.733273
0.751340
0.795182
0.825639
0.747997
0.747783
0.818133
0.807645
0.780716
0.805990
0.769756
0.803707
0.808565
0.786515
0.801222
0.788123
0.770665
0.778080
0.772232
0.765694
0.796774
0.798410
0.812765
0.776871
0.798088
0.782551
0.795105
0.762340
0.784639
0.772766
0.790444
0.784120
0.805235
0.776686
0.793070
0.807223
0.778420
0.780999
0.795191
0.813846
0.759780
0.777789
0.800875
0.818742
0.794908
0.770816
0.796213
0.808564
0.759470
0.770487
0.797031
0.786370
0.775597
0.795673
0.793410
0.787594
0.804332
0.783466
0.741244
0.778093
0.801864
0.773966
0.820189
0.744720
0.777941
0.776750
0.770562
0.751485
0.785629
0 