$$$0720022107396518387DF305
END END

END END

END END

END END

END END

0.712846
0.753426
0.757073
0.744991
0.712675
0.751842
0.760283
0.741443
0.709081
0.751832
0.759548
0.740570
0.711368
0.754009
0.768843
0.742997
0.711636
0.751173
0.764712
0.741495
0.713646
0.753952
0.766246
0.740699
0.714162
0.756710
0.765850
0.743116
0.714893
0.756716
0.767360
0.744165
0.718910
0.755565
0.764595
0.745010
0.716091
0.756502
0.763158
0.745825
0.707321
0.751706
0.761207
0.744469
0.717930
0.754324
0.760176
0.745037
0.713448
0.753660
0.767362
0.743619
0.714228
0.754120
0.771236
0.743854
0.714050
0.758499
0.772250
0.744404
0.713764
0.755747
0.770231
0.745446
0.715045
0.754331
0.768808
0.744221
0.713167
0.752885
0.765597
0.745997
0.713448
0.752757
0.763255
0.742831
0.714323
0.755381
0.763034
0.743243
0.713012
0.755108
0.764752
0.743468
0.710246
0.753597
0.766334
0.744728
0.715176
0.753874
0.767681
0.746284
0.715059
0.754766
0.767918
0.744066
0.713732
0.756828
0.768049
0.745893
0.708640
0.751413
0.766420
0.740644
0.710581
0.752657
0.767068
0.744741
0.712123
0.751211
0.764625
0.743625
0.711295
0.754001
0.766464
0.743719
0.713146
0.753959
0.765697
0.741783
0.713753
0.755993
0.766040
0.746416
0.715854
0.756388
0.764332
0.743094
0.716641
0.754865
0.765589
0.744213
0.716472
0.754491
0.759541
0.747163
0.715748
0.754126
0.763146
0.743175
0.649689
0.781157
0.842192
1.047619
0.534968
0.776393
0.819232
0.957700
0.765556
0.818895
0.824921
0.820912
0.771544
0.706439
0.739039
0.724360
0.732827
0.774406
0.797915
0.753092
0.743995
0.747275
0.749051
0.742105
0.689127
0.737699
0.749107
0.737667
0.716084
0.750201
0.747606
0.744595
0.711451
0.743208
0.745291
0.738609
0.718697
0.759470
0.750877
0.747391
0.726227
0.755898
0.757610
0.745440
0.731915
0.761348
0.763693
0.749952
0.731477
0.762375
0.766982
0.743966
0.726590
0.762264
0.766257
0.745834
0.719660
0.753515
0.759628
0.742059
0.711050
0.754182
0.753515
0.740176
0.707984
0.752428
0.746935
0.739311
0.707332
0.750542
0.746113
0.740020
0.715541
0.749523
0.746998
0.745370
0.722233
0.754731
0.751410
0.744583
0.731997
0.758461
0.755734
0.746962
0.703722
0.773372
0.833605
0.993728
0.582958
0.772713
0.695922
0.783345
0.728674
0.811175
0.820174
0.806705
0.729971
0.697778
0.735602
0.702373
0.690479
0.767689
0.801540
0.742707
0.693036
0.739777
0.746392
0.739554
0.667354
0.738714
0.750301
0.733436
0.675708
0.749385
0.743322
0.749197
0.681845
0.748741
0.746899
0.742987
0.695043
0.760908
0.752443
0.751170
0.699208
0.762641
0.759096
0.747785
0.703368
0.765514
0.764624
0.749719
0.704061
0.757848
0.767577
0.744373
0.689659
0.758117
0.766616
0.743590
0.676631
0.748267
0.760760
0.742491
0.668678
0.740663
0.755766
0.736475
0.669135
0.743386
0.750142
0.736720
0.676026
0.745932
0.747139
0.737902
0.686896
0.748347
0.746898
0.741330
0.696813
0.754094
0.750382
0.744335
0.701173
0.758572
0.751310
0.749920
0.750817
0.767417
0.891015
1.014879
0.633410
0.761889
0.764457
0.705640
0.720089
0.796366
0.840653
0.855444
0.811938
0.755471
0.752722
0.810264
0.708711
0.762894
0.791833
0.757803
0.735833
0.772333
0.772103
0.748819
0.685603
0.734707
0.750760
0.724092
0.695267
0.738397
0.739057
0.739357
0.704713
0.743006
0.742672
0.742268
0.715069
0.749785
0.748423
0.746239
0.724311
0.758774
0.762521
0.747459
0.733895
0.761145
0.767437
0.746738
0.734212
0.766893
0.779397
0.747303
0.734354
0.764351
0.778571
0.748557
0.723041
0.763098
0.781649
0.746424
0.711683
0.754002
0.768740
0.742469
0.705248
0.748402
0.759151
0.740024
0.706667
0.744438
0.756395
0.739609
0.711886
0.748841
0.758004
0.744006
0.722445
0.754103
0.762593
0.746002
0.880948
0.626434
0.686640
0.817538
0.634807
0.812897
0.832056
0.712528
0.828076
0.805188
0.798856
0.682682
0.733064
0.741807
0.784340
0.706989
0.740629
0.787709
0.781708
0.759175
0.722686
0.747637
0.761486
0.738402
0.707759
0.732185
0.740998
0.736414
0.693740
0.738704
0.735705
0.736216
0.700643
0.736661
0.742352
0.738935
0.715469
0.751006
0.763287
0.746305
0.727046
0.755525
0.775309
0.745376
0.740662
0.763919
0.787141
0.747033
0.749769
0.766824
0.792779
0.747940
0.746947
0.765606
0.791851
0.750443
0.732842
0.763111
0.775016
0.748632
0.720294
0.752266
0.770764
0.742741
0.709642
0.744869
0.757511
0.739421
0.704975
0.739054
0.754059
0.736887
0.710212
0.743165
0.757337
0.738726
0.722344
0.749017
0.766154
0.743898
0.756555
0.758136
0.996226
0.870567
0.658848
0.673329
0.746294
0.868004
0.738265
0.843146
0.838841
0.830965
0.828751
0.702075
0.731300
0.780950
0.719501
0.766752
0.796903
0.752480
0.752698
0.776086
0.797708
0.761956
0.686092
0.729891
0.762116
0.723642
0.682404
0.736938
0.755959
0.733634
0.695826
0.737301
0.756114
0.734417
0.713920
0.746181
0.761760
0.743420
0.731284
0.762862
0.773272
0.748860
0.744384
0.768445
0.780479
0.753565
0.751769
0.771958
0.791272
0.752304
0.747115
0.769350
0.796375
0.749259
0.734844
0.766423
0.791564
0.749225
0.718516
0.755553
0.780022
0.742659
0.699170
0.745541
0.771483
0.737026
0.696096
0.737120
0.758822
0.738431
0.702722
0.741414
0.759444
0.741542
0.716604
0.748246
0.759575
0.744676
0.731679
0.756640
0.767109
0.750769
0.673301
0.637851
0.649114
0.870757
0.683106
0.839814
0.852471
0.813716
0.884658
0.712557
0.780942
0.741768
0.689244
0.763394
0.775835
0.763721
0.760121
0.779525
0.784803
0.755787
0.681945
0.732350
0.759852
0.733117
0.695033
0.733395
0.754277
0.730605
0.690974
0.730730
0.754103
0.739603
0.708184
0.741816
0.763474
0.742793
0.720473
0.752762
0.769966
0.747374
0.729305
0.758216
0.778915
0.750887
0.748053
0.766066
0.785417
0.752597
0.741698
0.769176
0.790034
0.752893
0.735400
0.766843
0.790753
0.748020
0.717350
0.759214
0.789581
0.747286
0.705674
0.748364
0.782553
0.740212
0.697372
0.742511
0.772783
0.738009
0.697583
0.743268
0.779497
0.735055
0.704430
0.746750
0.772674
0.740781
0.671368
0.760702
0.975336
1.003919
0.549534
0.816067
0.767064
0.840139
0.753487
0.819641
0.805999
0.846419
0.808941
0.714764
0.767877
0.829257
0.734580
0.773966
0.800110
0.757023
0.746042
0.779251
0.780767
0.755427
0.697767
0.737868
0.769326
0.732393
0.688182
0.733753
0.752091
0.736848
0.671185
0.725988
0.756470
0.731357
0.703444
0.739643
0.756383
0.742266
0.720447
0.751794
0.770533
0.746946
0.733382
0.759818
0.780304
0.748781
0.747263
0.768585
0.794073
0.746309
0.749348
0.771384
0.794856
0.752841
0.744071
0.768167
0.793820
0.750469
0.729852
0.760068
0.779264
0.748186
0.711654
0.748143
0.756709
0.740251
0.701730
0.736003
0.744967
0.737384
0.699625
0.735722
0.741906
0.737838
0.710741
0.739750
0.749239
0.742138
0.774885
0.738945
0.809415
0.763275
0.611603
0.789555
0.807382
0.781166
0.846192
0.772480
0.763066
0.665558
0.742331
0.733109
0.781828
0.732285
0.749836
0.784795
0.788837
0.753855
0.731918
0.748709
0.764256
0.739649
0.711400
0.739985
0.747522
0.728590
0.698675
0.740111
0.738139
0.728578
0.703364
0.735428
0.737676
0.729915
0.714482
0.747943
0.745449
0.742896
0.729518
0.755491
0.756427
0.743792
0.739313
0.764623
0.763755
0.748221
0.745017
0.767637
0.772911
0.748758
0.743859
0.767451
0.772617
0.751383
0.734280
0.760268
0.767116
0.744201
0.723263
0.750796
0.758592
0.744601
0.708722
0.746015
0.749505
0.736135
0.705840
0.737505
0.743213
0.736189
0.711443
0.738863
0.743492
0.736474
0.680189
0.767662
0.714678
1.022517
0.543390
0.814268
0.816704
0.750374
0.743818
0.810572
0.793099
0.831492
0.787300
0.746270
0.752769
0.749763
0.739096
0.777476
0.786290
0.756939
0.754113
0.770935
0.769739
0.755982
0.705699
0.741421
0.750306
0.732276
0.692488
0.740116
0.735454
0.728721
0.687172
0.726513
0.730324
0.725328
0.701120
0.735137
0.733581
0.734929
0.716256
0.745732
0.746025
0.746262
0.733272
0.751872
0.754633
0.743872
0.746267
0.763478
0.767403
0.750356
0.750159
0.765024
0.769252
0.746425
0.743371
0.764723
0.769513
0.748706
0.732159
0.756312
0.760532
0.745886
0.713707
0.747601
0.751652
0.739170
0.701572
0.736694
0.742043
0.732927
0.696829
0.735237
0.738303
0.732234
0.706022
0.739300
0.739970
0.734070
0.720774
0.745661
0.748332
0.741075
0.827696
0.633760
0.676763
0.500885
0.663693
0.796740
0.829123
0.745725
0.886351
0.763966
0.781737
0.703798
0.696369
0.742901
0.761875
0.737000
0.746987
0.803176
0.779269
0.762822
0.712280
0.755324
0.765304
0.738315
0.703555
0.747757
0.749510
0.734462
0.696623
0.745033
0.750750
0.734372
0.704205
0.743544
0.744704
0.736935
0.714936
0.754915
0.757342
0.745782
0.732576
0.756144
0.760277
0.745519
0.744755
0.766181
0.771015
0.748611
0.748461
0.765294
0.769705
0.748662
0.741144
0.766317
0.768682
0.747966
0.727368
0.756303
0.762663
0.743888
0.712659
0.747579
0.757569
0.738744
0.697231
0.738933
0.747743
0.732210
0.701491
0.741326
0.750638
0.735568
0.710169
0.748354
0.752887
0.739545
0.719891
0.751477
0.756040
0.743484
0.732326
0.759502
0.761567
0.749115
0.742716
0.767614
0.764242
0.752585
0.750581
0.767445
0.771693
0.752514
0.732460
0.766055
0.762879
0.756622
0.719369
0.754479
0.752804
0.752446
0.718442
0.754550
0.760270
0.743677
0.718431
0.749673
0.757511
0.741408
0.723572
0.745420
0.755263
0.743358
0.726068
0.747500
0.755881
0.743630
0.736560
0.748956
0.755412
0.748798
0.744975
0.757656
0.761846
0.749291
0.750867
0.760291
0.761236
0.752062
0.751730
0.757997
0.761617
0.754874
0.747239
0.761468
0.764988
0.750160
0.740038
0.758904
0.763383
0.745521
0.731124
0.753865
0.762204
0.7448
END END

END END

END END

END END

END END

0.691574
0.754906
0.759902
0.744642
0.690901
0.755968
0.760847
0.744548
0.687016
0.757749
0.762161
0.745556
0.688893
0.754845
0.761515
0.744350
0.690284
0.757814
0.761586
0.745108
0.690968
0.755028
0.760972
0.744243
0.689911
0.757076
0.759831
0.744164
0.690313
0.755898
0.757728
0.748687
0.688087
0.756683
0.759826
0.747231
0.688954
0.754869
0.757711
0.745976
0.691942
0.754393
0.756141
0.747659
0.688434
0.756792
0.762771
0.747448
0.690807
0.756036
0.764735
0.747618
0.690153
0.754239
0.764259
0.746562
0.690768
0.754400
0.768796
0.745013
0.688466
0.755002
0.771170
0.743926
0.690481
0.757832
0.777211
0.745906
0.691177
0.755353
0.772579
0.744666
0.676697
0.756352
0.780461
0.746387
0.697308
0.754359
0.790609
0.744165
0.695661
0.754462
0.792809
0.746192
0.705110
0.756916
0.786716
0.745592
0.706976
0.753906
0.762779
0.745666
0.699177
0.753809
0.768291
0.746582
0.697019
0.755204
0.767674
0.744863
0.708280
0.759437
0.770380
0.745520
0.721688
0.756198
0.768949
0.749349
0.722796
0.756350
0.771876
0.747822
0.721018
0.756807
0.766417
0.744556
0.721167
0.755203
0.769976
0.746929
0.720320
0.754417
0.769730
0.745735
0.718592
0.756798
0.767458
0.745490
0.719627
0.758784
0.766395
0.749534
0.719132
0.756069
0.767556
0.745359
0.718321
0.755004
0.768693
0.748666
0.717922
0.752258
0.767209
0.748149
0.720887
0.753751
0.764909
0.745029
0.549880
0.740251
0.737552
0.943969
0.656871
0.822671
0.784866
0.765548
0.729799
0.731201
0.760259
0.660488
0.684096
0.764260
0.750506
0.757021
0.706240
0.772603
0.761988
0.815562
0.712588
0.742066
0.753326
0.717155
0.687255
0.758887
0.767033
0.835611
0.677544
0.738373
0.751924
0.732207
0.676810
0.749058
0.755162
0.744442
0.691189
0.750587
0.757661
0.744243
0.699480
0.753975
0.760465
0.748375
0.711059
0.760985
0.762964
0.747504
0.714616
0.764427
0.766496
0.748234
0.712018
0.764305
0.766795
0.751533
0.703965
0.760560
0.761388
0.747450
0.695631
0.753582
0.757488
0.747773
0.686305
0.749081
0.754938
0.740801
0.670498
0.748997
0.756405
0.740539
0.639649
0.748030
0.756533
0.744641
0.642443
0.753996
0.756885
0.742220
0.643190
0.756525
0.762521
0.715428
0.548331
0.701452
0.814668
0.761184
0.661438
0.831508
0.822121
0.738190
0.747487
0.709988
0.771985
0.717646
0.703525
0.781603
0.777984
0.731353
0.684502
0.782878
0.770704
0.793270
0.619302
0.746963
0.755863
0.671439
0.651228
0.749446
0.761636
0.733349
0.619377
0.735721
0.744692
0.724901
0.628574
0.741587
0.753689
0.734705
0.670891
0.753805
0.758007
0.742912
0.666547
0.755666
0.768574
0.744790
0.678433
0.764532
0.763381
0.747922
0.668532
0.768650
0.769348
0.750716
0.687792
0.765772
0.768579
0.752382
0.674006
0.758150
0.760795
0.748573
0.683795
0.747134
0.757952
0.747093
0.649604
0.741395
0.759758
0.736430
0.649360
0.739140
0.757307
0.737448
0.658024
0.740275
0.759569
0.736979
0.777924
0.780824
0.825375
0.977199
0.657377
0.724040
0.731731
0.757993
0.801720
0.775934
0.802840
0.692223
0.721627
0.706898
0.712220
0.716874
0.736820
0.770420
0.773024
0.784246
0.674655
0.761644
0.756722
0.795234
0.695513
0.742805
0.761032
0.776465
0.669416
0.739844
0.759546
0.789136
0.649800
0.727836
0.758606
0.722831
0.601246
0.736484
0.766891
0.732906
0.660022
0.749321
0.774149
0.740389
0.675822
0.760395
0.770964
0.743391
0.684214
0.765429
0.768395
0.755954
0.701357
0.766502
0.763953
0.752140
0.681185
0.766461
0.764800
0.755764
0.671719
0.762708
0.766145
0.755054
0.635769
0.754152
0.760612
0.751838
0.679471
0.744287
0.759068
0.737481
0.678101
0.742887
0.764358
0.731223
0.681812
0.742175
0.768472
0.733804
0.624930
0.593843
0.690840
0.928611
0.643754
0.809824
0.831550
0.805707
0.756027
0.729359
0.765943
0.708164
0.728385
0.784350
0.756302
0.754408
0.730501
0.786590
0.767034
0.796026
0.723528
0.752295
0.754784
0.736040
0.693853
0.760472
0.766789
0.750413
0.680357
0.737385
0.762026
0.736333
0.668142
0.735705
0.763342
0.729387
0.671914
0.742721
0.771210
0.737531
0.688791
0.750616
0.772427
0.741420
0.704452
0.762571
0.775627
0.749274
0.717705
0.763180
0.771934
0.746974
0.724343
0.769417
0.769760
0.756370
0.723154
0.766295
0.765112
0.753822
0.711467
0.762067
0.756433
0.750606
0.702234
0.754368
0.754440
0.748642
0.691338
0.745537
0.757634
0.738450
0.683107
0.741023
0.758397
0.730641
0.577380
0.674991
0.710948
0.754114
0.595673
0.814184
0.843231
0.657523
0.734273
0.704035
0.766007
0.652500
0.673670
0.768819
0.760863
0.746408
0.694638
0.778195
0.774564
0.767572
0.693167
0.751352
0.753282
0.744275
0.682848
0.765529
0.758923
0.655816
0.670659
0.747860
0.749895
0.712104
0.655384
0.743356
0.751865
0.731004
0.652852
0.741734
0.755696
0.736003
0.658420
0.742950
0.760227
0.736442
0.668109
0.751838
0.766011
0.745294
0.680786
0.755414
0.766676
0.743076
0.689502
0.759477
0.766562
0.749363
0.693475
0.760459
0.761747
0.751800
0.689461
0.759392
0.757762
0.750771
0.682670
0.753713
0.752425
0.747734
0.672583
0.748498
0.751524
0.744144
0.669852
0.744636
0.751330
0.740982
0.542622
0.678340
0.686386
0.878255
0.629796
0.847022
0.814897
0.759076
0.753900
0.711226
0.770599
0.687486
0.702309
0.762888
0.763067
0.722867
0.726077
0.781785
0.775892
0.776691
0.709881
0.754141
0.758881
0.759162
0.700896
0.755953
0.755678
0.712004
0.688951
0.743932
0.747509
0.807289
0.673718
0.742234
0.744270
0.760190
0.679024
0.744978
0.748973
0.744340
0.685557
0.751081
0.754475
0.742173
0.697979
0.754090
0.760684
0.743113
0.704458
0.760405
0.770215
0.744489
0.715061
0.763847
0.769114
0.747476
0.714245
0.763656
0.767452
0.748556
0.705191
0.761448
0.761435
0.748669
0.696961
0.755004
0.753517
0.743029
0.686550
0.748492
0.749138
0.742060
0.682247
0.744792
0.747604
0.735029
0.502647
0.746158
0.740687
0.874315
0.665372
0.831455
0.769882
0.753039
0.761994
0.715657
0.766275
0.662534
0.707863
0.766061
0.754947
0.755091
0.716068
0.781813
0.774408
0.788338
0.718264
0.751515
0.761980
0.764877
0.693172
0.755953
0.757974
0.753803
0.676881
0.745227
0.748039
0.723428
0.643320
0.736432
0.742126
0.714608
0.651878
0.740012
0.745140
0.741947
0.658900
0.747339
0.755220
0.740015
0.694658
0.756679
0.756672
0.744093
0.707959
0.762935
0.763458
0.741896
0.715317
0.764161
0.765627
0.749200
0.714575
0.764816
0.765449
0.749581
0.705887
0.760501
0.761607
0.750210
0.695810
0.756713
0.755967
0.746731
0.685580
0.746812
0.751809
0.739710
0.679626
0.749674
0.748407
0.687452
0.547288
0.708324
0.762791
0.947531
0.700829
0.820866
0.765383
0.766400
0.764076
0.712150
0.744618
0.701972
0.745308
0.776084
0.772395
0.762337
0.740976
0.774616
0.769667
0.781007
0.737569
0.759462
0.763066
0.768864
0.720391
0.756488
0.756648
0.735851
0.701451
0.742215
0.747539
0.719546
0.689558
0.734384
0.739827
0.720931
0.689576
0.741447
0.748873
0.731762
0.705679
0.749605
0.754387
0.735752
0.719724
0.756919
0.764448
0.740944
0.734931
0.765523
0.767213
0.742763
0.745257
0.768519
0.769696
0.750141
0.740972
0.768847
0.767890
0.753622
0.734519
0.764285
0.763585
0.750711
0.721781
0.754874
0.753804
0.746540
0.705815
0.745660
0.747278
0.741729
0.700759
0.741381
0.747900
0.735767
0.697674
0.741761
0.752154
0.729777
0.740400
0.753667
0.715296
0.902932
0.587323
0.761443
0.780604
0.756084
0.760460
0.780911
0.822207
0.725648
0.701542
0.730010
0.745643
0.707622
0.693576
0.806721
0.800299
0.762201
0.684605
0.769320
0.763583
0.795117
0.663019
0.741126
0.743923
0.746349
0.639004
0.743684
0.744465
0.729762
0.631675
0.722119
0.737827
0.724679
0.633752
0.739140
0.749184
0.738106
0.652281
0.746570
0.761300
0.741896
0.672350
0.755109
0.764858
0.741357
0.688568
0.766285
0.772767
0.751481
0.691147
0.769061
0.773151
0.752899
0.694200
0.769009
0.767500
0.758904
0.687350
0.765938
0.760020
0.754563
0.686160
0.753445
0.750493
0.750762
0.679619
0.743626
0.742050
0.738859
0.591375
0.759738
0.768496
1.066427
0.578637
0.796765
0.724648
0.724317
0.725439
0.736893
0.784773
0.753934
0.685778
0.752187
0.763021
0.613325
0.693394
0.797132
0.790887
0.826167
0.694742
0.759120
0.770324
0.740960
0.673686
0.760829
0.762166
0.785859
0.660559
0.750528
0.751340
0.746504
0.658793
0.737236
0.737578
0.743795
0.654256
0.745364
0.743310
0.739951
0.668065
0.746328
0.748588
0.739954
0.671248
0.757950
0.759173
0.745193
0.685517
0.763294
0.765723
0.745009
0.706632
0.768330
0.773122
0.743149
0.707802
0.771618
0.772705
0.754082
0.701822
0.769830
0.768664
0.745674
0.692771
0.758472
0.758678
0.743153
0.682122
0.755085
0.751708
0.742488
0.677039
0.748661
0.746339
0.739822
0.675625
0.749413
0.747930
0.738865
0.674541
0.752087
0.752183
0.739858
0.685589
0.755937
0.759786
0.743398
0.695633
0.762476
0.767341
0.744756
0.699585
0.764442
0.769873
0.748081
0.701669
0.762183
0.769450
0.750107
0.698138
0.760650
0.764995
0.748902
0.691412
0.755434
0.760537
0.742603
0.685655
0.750142
0.749594
0.744239
0.680042
0.746515
0.749992
0.741
END END

END END

END END

END END

END END

0.689387
0.755896
0.755538
0.743456
0.689793
0.755937
0.754825
0.743748
0.689303
0.756644
0.754769
0.744051
0.691623
0.753557
0.752762
0.749301
0.690194
0.753693
0.754017
0.744051
0.690229
0.757767
0.753766
0.747812
0.689674
0.753974
0.754226
0.744166
0.689171
0.754822
0.753870
0.745044
0.687034
0.754542
0.753725
0.741524
0.692079
0.757145
0.753309
0.748111
0.692132
0.755777
0.753551
0.748162
0.694818
0.755798
0.754283
0.744008
0.693960
0.754588
0.754481
0.746168
0.695692
0.753767
0.753435
0.744429
0.696921
0.754342
0.753863
0.745621
0.696382
0.757045
0.753903
0.744414
0.695291
0.754005
0.752608
0.748855
0.693675
0.754252
0.753992
0.743395
0.695489
0.755873
0.754599
0.745389
0.697039
0.754025
0.754331
0.745045
0.695641
0.753355
0.753158
0.744001
0.697273
0.754465
0.754615
0.744170
0.696817
0.756400
0.753360
0.743967
0.697843
0.755701
0.753992
0.745068
0.698466
0.758056
0.754786
0.746061
0.698028
0.754207
0.753409
0.743261
0.697762
0.756363
0.752973
0.749451
0.696504
0.756768
0.752657
0.744800
0.698214
0.755294
0.753377
0.745001
0.695071
0.754134
0.752762
0.745588
0.697880
0.755634
0.754275
0.742635
0.695582
0.757165
0.753745
0.742797
0.688933
0.753815
0.755119
0.743153
0.650588
0.755954
0.756283
0.747608
0.604973
0.720041
0.822591
0.572563
0.722276
0.784128
0.736120
0.724072
0.629725
0.745230
0.772406
0.709470
0.717876
0.769460
0.738696
0.750255
0.686778
0.752950
0.748866
0.742781
0.707596
0.752275
0.749938
0.740935
0.716310
0.752190
0.759084
0.738994
0.714760
0.753895
0.760378
0.735194
0.717908
0.757920
0.766069
0.742665
0.720889
0.757058
0.761658
0.740127
0.725078
0.761565
0.757482
0.744420
0.730207
0.760662
0.751636
0.743566
0.730526
0.758779
0.747994
0.745844
0.729061
0.759338
0.748896
0.748433
0.726506
0.757087
0.752258
0.746872
0.719480
0.758743
0.756071
0.740473
0.714117
0.756319
0.758368
0.736938
0.714492
0.758871
0.762629
0.736804
0.715580
0.760438
0.765904
0.737578
0.718982
0.762391
0.764309
0.740374
0.698225
0.761256
0.761221
0.742298
0.697601
0.759824
0.756350
0.744590
0.698735
0.754558
0.751523
0.746957
0.711495
0.755201
0.746950
0.747640
0.703907
0.753713
0.749330
0.742374
0.696790
0.752732
0.753800
0.744515
0.683458
0.748256
0.755962
0.746737
0.678743
0.756161
0.759847
0.739935
0.711235
0.847403
0.784067
0.769714
0.710788
0.737143
0.694003
0.785581
0.743980
0.765815
0.799938
0.789900
0.714379
0.748414
0.744825
0.740179
0.720105
0.775899
0.741901
0.756358
0.699219
0.755176
0.749954
0.740664
0.689763
0.759850
0.756179
0.742885
0.683217
0.750386
0.768118
0.734746
0.683407
0.752604
0.771185
0.734211
0.687436
0.756290
0.773762
0.740992
0.693211
0.758165
0.768540
0.744215
0.697555
0.761641
0.763742
0.741068
0.702746
0.760448
0.751187
0.747079
0.704394
0.761827
0.745995
0.747622
0.704015
0.759845
0.746474
0.750277
0.700994
0.756710
0.750482
0.746673
0.696898
0.755041
0.755168
0.742254
0.695155
0.753718
0.763627
0.737380
0.692804
0.756744
0.769342
0.739832
0.692459
0.756977
0.771203
0.741218
0.700437
0.750533
0.763215
0.749177
0.692363
0.682041
0.799420
0.764928
0.762863
0.813944
0.727524
0.778180
0.634483
0.751626
0.785037
0.707441
0.720600
0.763931
0.723559
0.759873
0.654986
0.748150
0.746223
0.745024
0.676239
0.758432
0.753353
0.744795
0.669374
0.752992
0.768788
0.730481
0.678983
0.753357
0.776076
0.736565
0.683538
0.761680
0.781523
0.743026
0.689667
0.761842
0.776948
0.747321
0.690565
0.763252
0.764006
0.745004
0.691580
0.760334
0.747545
0.746142
0.688261
0.758164
0.736756
0.747185
0.688233
0.754156
0.737667
0.748754
0.682554
0.753497
0.744842
0.747902
0.680919
0.752282
0.754680
0.745071
0.676522
0.754213
0.764521
0.741272
0.675700
0.753846
0.778302
0.740434
0.701987
0.962553
0.803629
0.820296
0.731245
0.729738
0.754315
0.745446
0.815573
0.915491
0.740947
0.830522
0.669595
0.706635
0.800184
0.712999
0.747499
0.761212
0.684611
0.776156
0.691417
0.767057
0.745735
0.756356
0.698042
0.741246
0.750196
0.745050
0.692012
0.751125
0.758244
0.732693
0.688742
0.746272
0.769806
0.731779
0.699606
0.755793
0.777728
0.739895
0.708402
0.760997
0.779089
0.751125
0.711960
0.764695
0.766466
0.750078
0.714383
0.756653
0.750945
0.747254
0.713958
0.752238
0.730857
0.751833
0.711659
0.754278
0.734618
0.754557
0.707873
0.754645
0.743139
0.747819
0.702286
0.757772
0.755173
0.751362
0.695921
0.752307
0.765077
0.742041
0.689871
0.751205
0.776464
0.740265
0.638159
0.701614
1.020906
0.589439
0.691969
0.728950
0.768829
0.756047
0.753178
0.783691
0.789083
0.860276
0.623458
0.747454
0.742023
0.767222
0.759676
0.787400
0.742763
0.760663
0.675708
0.753515
0.755682
0.744722
0.653540
0.757445
0.759940
0.744169
0.634540
0.744786
0.781515
0.734515
0.628881
0.734061
0.764419
0.723742
0.632533
0.745428
0.772784
0.735964
0.657409
0.750296
0.760763
0.742433
0.657786
0.756820
0.769161
0.746010
0.717418
0.761836
0.765004
0.747390
0.718269
0.765584
0.763954
0.749433
0.720089
0.767739
0.766546
0.754350
0.714127
0.762986
0.770455
0.753054
0.699974
0.755659
0.770035
0.745631
0.671527
0.747713
0.759521
0.706900
0.668348
0.753314
0.767917
0.704813
0.662221
0.745785
0.765604
0.729541
0.660276
0.757394
0.771818
0.732196
0.671579
0.757149
0.768701
0.735373
0.678252
0.767121
0.770415
0.744018
0.689726
0.770785
0.767368
0.747307
0.694675
0.770113
0.767207
0.755680
0.689094
0.768096
0.764170
0.744464
0.680078
0.759849
0.761281
0.745538
0.664955
0.748894
0.758687
0.737963
0.661777
0.746135
0.760196
0.733865
0.657466
0.743552
0.763038
0.735563
0.668059
0.748909
0.766202
0.741677
0.677609
0.752652
0.767986
0.744282
0.693388
0.761836
0.768837
0.746081
0.702982
0.761635
0.763313
0.748796
0.704556
0.762646
0.762940
0.755500
0.695687
0.758901
0.759946
0.753676
0.714884
0.757845
0.759237
0.747069
0.585006
0.714626
0.817899
0.816981
0.768733
0.800413
0.758923
0.573487
0.627600
0.708608
0.808627
0.682734
0.734451
0.768508
0.735448
0.751237
0.680882
0.762870
0.813240
0.742030
0.710497
0.747157
0.754370
0.743014
0.707226
0.763190
0.778617
0.751350
0.715097
0.751764
0.759477
0.741569
0.707804
0.758964
0.766674
0.749809
0.701933
0.751027
0.759579
0.745029
0.680227
0.753642
0.762048
0.749017
0.667140
0.751130
0.761582
0.743741
0.699500
0.755901
0.762632
0.744648
0.702619
0.752220
0.766978
0.746242
0.701607
0.755685
0.769939
0.746642
0.693448
0.757208
0.767193
0.746371
0.701141
0.756259
0.769151
0.748137
0.703596
0.757272
0.768351
0.748413
0.700785
0.757454
0.764170
0.746364
0.698426
0.756489
0.764569
0.746114
0.696171
0.751268
0.767372
0.743565
0.697429
0.861129
0.767063
0.824180
0.709446
0.670916
0.806684
0.813482
0.718546
0.819671
0.761952
0.758473
0.678698
0.708010
0.801039
0.701268
0.741758
0.767616
0.754006
0.774127
0.690747
0.776316
0.780377
0.744589
0.701117
0.748269
0.766174
0.749127
0.675853
0.757745
0.784061
0.742912
0.683848
0.745654
0.768363
0.736930
0.676113
0.752544
0.786371
0.743551
0.686363
0.751541
0.771398
0.742658
0.689624
0.755399
0.776223
0.747696
0.696848
0.752527
0.765431
0.742584
0.697446
0.763388
0.766742
0.749106
0.697779
0.762494
0.763059
0.751208
0.694278
0.758500
0.769218
0.751555
0.686983
0.756525
0.770833
0.743349
0.682591
0.756885
0.774400
0.739218
0.678393
0.752487
0.778332
0.737749
0.680441
0.754062
0.776846
0.737305
0.689772
0.823537
0.775783
0.779781
0.694414
0.683544
0.761852
0.845536
0.721532
0.846207
0.796125
0.744253
0.654548
0.726366
0.760537
0.740343
0.728806
0.774443
0.751771
0.768672
0.687800
0.752072
0.770483
0.738091
0.692992
0.750504
0.755609
0.740550
0.685939
0.747692
0.784724
0.737294
0.683496
0.746313
0.766724
0.739119
0.684937
0.757508
0.787765
0.743176
0.691464
0.751899
0.774934
0.746491
0.696854
0.757723
0.776279
0.749697
0.699866
0.753730
0.755431
0.747449
0.700960
0.756602
0.756998
0.749601
0.702404
0.757994
0.756314
0.752917
0.695077
0.756783
0.761298
0.751419
0.689999
0.755540
0.762641
0.742603
0.687317
0.750523
0.770675
0.739360
0.683842
0.752058
0.769004
0.740177
0.601885
0.674576
0.786092
0.442317
0.683226
0.727529
0.798532
0.656019
0.760292
0.765000
0.781699
0.859904
0.715890
0.740600
0.732832
0.781436
0.739557
0.786348
0.751290
0.760159
0.718940
0.742807
0.746490
0.737671
0.696724
0.755959
0.752690
0.746140
0.692871
0.746784
0.768086
0.734848
0.689687
0.748062
0.769229
0.737179
0.695715
0.753608
0.777681
0.741121
0.706740
0.757407
0.770506
0.745883
0.713313
0.757452
0.765311
0.747715
0.717837
0.756220
0.751063
0.750314
0.719850
0.758367
0.745048
0.749788
0.718691
0.756748
0.744012
0.752833
0.717414
0.755203
0.751683
0.751656
0.701717
0.753284
0.755196
0.746138
0.695458
0.750361
0.764170
0.739605
0.689201
0.747705
0.769944
0.743791
0.689755
0.753236
0.770562
0.741380
0.875313
0.969594
0.889637
0.935323
0.752851
0.771842
0.727657
0.741760
0.676279
0.752282
0.785938
0.800451
0.755642
0.757397
0.745240
0.744766
0.747278
0.761022
0.733598
0.754013
0.735331
0.760417
0.757187
0.752849
0.723234
0.749297
0.750403
0.739956
0.711003
0.748445
0.775535
0.737082
0.708975
0.743210
0.773586
0.731015
0.714123
0.753078
0.786611
0.742770
0.723325
0.755527
0.775268
0.746369
0.729480
0.755945
0.768239
0.747140
0.735631
0.760367
0.754803
0.747339
0.737751
0.754285
0.741979
0.750754
0.739931
0.757619
0.744325
0.754873
0.735044
0.756372
0.750230
0.748052
0.726698
0.752124
0.758263
0.746070
0.717664
0.754904
0.767362
0.739459
0.713936
0.749184
0.770289
0.738660
0.715684
0.749345
0.774022
0.739007
0.720017
0.752185
0.768535
0.746525
0.684879
0.742459
0.750946
0.744837
0.703224
0.758062
0.755525
0.751749
0.706495
0.756621
0.748008
0.752453
0.706728
0.757484
0.747613
0.752828
0.707241
0.757816
0.751854
0.751142
0.700047
0.752774
0.757055
0.745927
0.69